.333333	.333333	.333333
.499996	.499996	.000008
.000004	.999985	.000011
.202534	.291724	.505742
.199848	.301101	.499051
.203525	.288227	.508248
.202666	.291219	.506116
.197412	.293132	.509456
.209669	.311332	.478999
.209135	.311537	.479328
.205525	.306158	.488317
.201971	.300865	.497164
.206965	.308303	.484732
.208257	.310228	.481515
.206970	.314478	.478552
.199667	.303382	.496951
.190684	.306781	.502534
.203404	.327245	.469351
.197661	.329599	.472740
.213949	.322903	.463148
.210518	.317724	.471758
.198606	.299746	.501647
.201463	.298672	.499865
.202808	.293976	.503217
.204029	.293519	.502451
.205237	.289324	.505439
.223687	.315333	.460980
.227092	.304901	.468007
.218421	.331431	.450148
.208842	.316895	.474263
.208839	.316891	.474269
.209229	.315606	.475166
.211014	.318298	.470688
.214059	.322891	.463051
.199409	.300793	.499798
.199279	.301234	.499487
.201337	.294001	.504662
.196674	.295712	.507614
.197818	.291600	.510582
.197601	.292360	.510039
.209290	.309653	.481058
.205121	.303486	.491393
.202150	.313564	.484286
.199051	.308757	.492192
.204225	.316783	.478993
.205573	.312260	.482167
.215898	.308196	.475906
.211508	.322252	.466240
.218443	.300014	.481542
.208495	.331882	.459623
.206427	.328590	.464983
.204794	.325991	.469214
.212336	.337996	.449667
.217999	.320330	.461671
.221453	.309549	.468998
.222891	.305055	.472055
.220602	.312178	.467220
.221456	.309505	.469039
.208058	.290780	.501162
.203449	.292467	.504084
.207441	.278567	.513991
.204362	.274431	.521207
.211330	.283789	.504881
.209006	.284620	.506375
.209003	.284616	.506382
.212921	.289952	.497127
.209164	.302467	.488369
.201720	.291703	.506577
.199419	.299769	.500812
.211386	.295283	.493331
.222373	.310630	.466997
.218540	.305276	.476183
.215384	.315299	.469318
.192817	.324362	.482822
.193395	.325335	.481269
.193864	.326124	.480012
.190736	.320861	.488403
.192543	.323900	.483557
.194058	.318567	.487375
.207618	.313202	.479180
.209113	.308245	.482642
.203208	.327766	.469026
.201507	.325022	.473472
.207222	.305865	.486914
.206949	.305462	.487589
.210479	.293603	.495918
.208157	.301383	.490461
.210142	.304257	.485601
.208392	.310039	.481569
.208359	.309989	.481652
.208356	.309985	.481659
.213465	.293053	.493482
.223679	.289242	.487079
.225621	.291753	.482626
.224300	.290045	.485655
.222358	.287533	.490108
.222355	.287529	.490115
.226995	.293528	.479477
.226735	.294324	.478941
.227226	.294962	.477812
.201766	.261912	.536322
.201763	.261907	.536330
.213994	.277784	.508222
.437394	.198828	.363778
.437391	.198825	.363784
.437388	.198822	.363790
.422541	.192072	.385387
.422538	.192069	.385394
.441832	.200837	.357331
.441829	.200834	.357337
.441826	.200832	.357343
.441823	.200829	.357348
.441820	.200826	.357354
.441818	.200823	.357360
.408784	.185806	.405410
.423300	.192403	.384296
.423297	.192400	.384303
.422558	.192063	.385379
.438275	.199205	.362520
.438272	.199202	.362526
.430314	.213735	.355951
.430311	.213732	.355957
.438465	.217780	.343755
.438462	.217777	.343760
.411128	.204199	.384673
.428866	.213008	.358126
.428864	.213005	.358132
.428861	.213002	.358138
.428858	.212998	.358144
.428855	.212995	.358150
.428852	.212992	.358155
.410542	.203897	.385560
.410539	.203894	.385568
.410535	.203890	.385575
.446514	.221757	.331728
.408564	.202908	.388529
.408560	.202904	.388536
.409459	.203349	.387192
.409455	.203346	.387199
.408107	.202675	.389218
.408103	.202671	.389225
.400009	.198650	.401341
.472489	.174649	.352863
.473657	.175079	.351264
.473654	.175075	.351271
.473650	.175072	.351278
.185883	.270781	.543336
.185879	.270776	.543345
.192598	.280563	.526838
.191840	.283379	.524782
.191836	.283373	.524790
.192886	.284924	.522190
.192883	.284919	.522198
.192880	.284913	.522207
.192876	.284908	.522215
.192873	.284903	.522224
.192870	.284898	.522232
.192867	.284893	.522241
.192863	.284888	.522249
.209423	.309349	.481228
.209421	.309345	.481235
.209418	.309340	.481242
.209415	.309336	.481249
.208187	.307521	.484292
.195984	.289495	.514521
.196685	.290530	.512784
.191918	.283489	.524593
.189901	.280509	.529589
.191600	.283018	.525383
.191596	.283012	.525391
.194013	.286582	.519406
.186394	.275327	.538280
.186390	.275321	.538289
.184932	.273168	.541900
.184929	.273162	.541909
.185738	.274357	.539905
.185735	.274352	.539914
.180420	.266502	.553078
.181688	.268374	.549938
.212393	.313728	.473879
.212390	.313724	.473886
.212388	.313719	.473893
.195019	.288063	.516918
.195015	.288058	.516927
.195012	.288053	.516935
.189528	.279952	.530520
.189525	.279947	.530529
.198240	.292819	.508941
.202230	.298713	.499057
.202227	.298708	.499064
.184926	.273152	.541922
.198835	.293698	.507467
.198832	.293693	.507475
.198829	.293688	.507483
.198826	.293683	.507491
.198823	.293678	.507499
.198820	.293673	.507506
.198817	.293669	.507514
.198814	.293664	.507522
.198811	.293659	.507530
.183677	.271304	.545020
.183988	.271763	.544249
.183984	.271758	.544258
.183981	.271752	.544267
.190837	.281879	.527283
.190834	.281874	.527292
.190830	.281869	.527301
.187609	.277111	.535280
.190922	.282003	.527075
.190919	.281998	.527083
.190915	.281993	.527092
.190912	.281988	.527101
.190795	.281815	.527390
.191433	.282757	.525811
.193622	.285989	.520389
.193618	.285984	.520398
.193615	.285979	.520406
.194079	.286663	.519258
.194075	.286658	.519267
.200347	.295920	.503733
.200344	.295916	.503741
.200341	.295911	.503748
.179180	.264655	.556166
.179176	.264649	.556175
.195891	.289337	.514772
.185206	.273555	.541240
.186505	.275473	.538023
.186501	.275467	.538032
.186498	.275462	.538041
.186494	.275456	.538050
.187486	.276920	.535594
.179060	.264475	.556466
.179056	.264469	.556475
.192922	.284948	.522130
.193668	.286050	.520282
.195437	.288664	.515899
.197738	.292061	.510201
.183640	.271239	.545121
.183637	.271233	.545130
.183633	.271228	.545139
.188123	.277859	.534017
.188120	.277854	.534026
.188117	.277848	.534035
.188113	.277843	.534044
.188110	.277838	.534053
.195150	.288235	.516615
.186341	.275225	.538434
.184571	.272610	.542820
.191137	.282308	.526555
.183970	.271721	.544309
.183966	.271716	.544318
.196096	.289631	.514273
.191176	.282364	.526460
.191173	.282359	.526469
.191169	.282354	.526477
.187349	.276711	.535940
.195282	.288428	.516290
.195279	.288423	.516298
.195276	.288418	.516306
.193936	.286438	.519626
.193933	.286433	.519635
.182243	.269167	.548589
.182239	.269162	.548599
.189060	.279235	.531705
.189057	.279230	.531714
.189053	.279224	.531723
.189050	.279219	.531731
.191966	.283525	.524509
.175099	.258614	.566286
.175095	.258608	.566296
.175092	.258602	.566306
.180028	.265893	.554079
.180025	.265887	.554088
.180021	.265881	.554098
.191201	.282393	.526406
.192647	.284529	.522825
.192643	.284523	.522833
.188914	.279015	.532071
.189932	.280517	.529551
.193406	.285649	.520946
.188059	.277752	.534189
.188056	.277746	.534198
.188052	.277741	.534207
.188266	.278055	.533679
.189999	.280615	.529387
.189995	.280609	.529395
.184056	.271837	.544107
.184052	.271831	.544116
.184049	.271826	.544126
.185921	.274590	.539489
.185917	.274585	.539498
.183009	.270289	.546701
.181967	.268750	.549283
.180795	.267018	.552187
.189441	.279788	.530771
.188347	.278172	.533481
.188344	.278166	.533490
.183800	.271455	.544745
.183796	.271450	.544754
.183793	.271444	.544763
.183789	.271438	.544772
.190689	.281628	.527683
.195078	.288111	.516811
.187249	.276547	.536204
.187085	.276305	.536609
.203586	.300674	.495740
.203583	.300670	.495748
.185701	.274260	.540039
.185697	.274254	.540048
.181934	.268695	.549371
.183005	.270277	.546718
.186400	.275291	.538309
.186396	.275285	.538318
.184403	.272341	.543256
.187534	.276965	.535501
.189078	.279245	.531677
.189075	.279240	.531686
.181959	.268730	.549311
.181869	.268597	.549533
.196715	.290523	.512762
.196712	.290518	.512770
.196709	.290513	.512778
.183344	.270774	.545882
.194174	.286769	.519057
.182429	.269422	.548149
.182426	.269417	.548158
.182422	.269411	.548167
.185414	.273830	.540756
.185411	.273824	.540765
.181319	.267781	.550900
.181315	.267775	.550909
.181312	.267770	.550919
.181849	.268563	.549587
.195405	.288583	.516013
.185357	.273744	.540899
.185354	.273738	.540908
.192168	.283801	.524030
.192165	.283796	.524039
.178030	.262921	.559049
.185933	.274592	.539475
.179857	.265619	.554524
.188869	.278927	.532204
.188865	.278922	.532213
.186367	.275232	.538401
.186364	.275227	.538409
.194864	.287780	.517355
.187478	.276871	.535651
.182945	.270178	.546877
.182504	.269525	.547971
.183346	.270769	.545885
.183343	.270763	.545894
.178903	.264207	.556890
.178900	.264201	.556899
.178896	.264195	.556909
.193177	.285286	.521537
.193174	.285281	.521545
.193171	.285276	.521553
.183681	.271260	.545059
.194387	.287070	.518543
.201341	.297341	.501318
.176274	.260321	.563404
.185604	.274099	.540297
.185600	.274094	.540306
.187550	.276973	.535477
.180884	.267129	.551987
.189473	.279812	.530715
.188463	.278320	.533217
.189600	.279998	.530402
.189016	.279136	.531847
.189013	.279131	.531856
.184637	.272668	.542695
.185237	.273554	.541208
.188918	.278990	.532091
.186307	.275133	.538560
.194018	.286521	.519461
.194015	.286516	.519469
.175656	.259403	.564941
.190961	.282005	.527035
.190957	.282000	.527043
.190954	.281994	.527052
.190951	.281989	.527060
.185330	.273688	.540981
.185327	.273683	.540990
.177205	.261689	.561106
.177201	.261683	.561116
.177197	.261677	.561126
.175733	.259514	.564754
.175729	.259508	.564764
.186606	.275570	.537824
.186602	.275565	.537833
.184519	.272487	.542994
.184515	.272482	.543003
.185874	.274488	.539638
.185870	.274483	.539647
.088259	.655486	.256255
.088258	.655482	.256260
.088256	.655478	.256266
.088255	.655474	.256271
.087316	.648505	.264179
.087315	.648500	.264185
.087313	.648496	.264191
.087312	.648491	.264197
.088003	.653624	.258373
.088001	.653620	.258379
.088000	.653616	.258384
.087999	.653612	.258390
.087997	.653607	.258395
.087996	.653603	.258401
.087879	.652738	.259383
.086912	.645563	.267525
.086911	.645558	.267531
.086910	.645553	.267537
.086908	.645549	.267543
.086907	.645544	.267549
.086906	.645539	.267555
.086904	.645535	.267561
.087556	.650383	.262060
.087555	.650379	.262066
.087921	.653097	.258982
.087919	.653093	.258988
.087630	.650950	.261420
.087857	.652640	.259504
.087856	.652635	.259509
.087413	.649356	.263230
.087448	.649616	.262937
.087446	.649611	.262943
.087445	.649607	.262948
.087444	.649602	.262954
.087443	.649598	.262960
.087441	.649593	.262965
.088225	.655422	.256352
.085825	.637595	.276580
.085823	.637590	.276587
.085822	.637585	.276593
.087592	.650743	.261665
.087591	.650738	.261670
.087590	.650734	.261676
.088805	.659766	.251429
.088804	.659762	.251434
.088803	.659758	.251439
.088801	.659754	.251444
.088800	.659750	.251450
.088799	.659746	.251455
.087302	.648634	.264063
.087301	.648630	.264069
.088051	.654206	.257744
.088050	.654201	.257749
.088048	.654197	.257754
.088047	.654193	.257760
.088046	.654189	.257765
.088045	.654185	.257771
.087771	.652158	.260071
.087770	.652154	.260076
.088069	.654378	.257553
.088067	.654374	.257559
.088066	.654370	.257564
.088065	.654365	.257570
.087295	.648651	.264054
.085565	.635797	.278639
.085563	.635792	.278645
.085562	.635786	.278652
.085560	.635781	.278658
.085559	.635776	.278665
.085558	.635771	.278672
.085556	.635765	.278678
.085555	.635760	.278685
.085554	.635755	.278691
.085552	.635750	.278698
.085551	.635745	.278705
.088031	.654183	.257786
.088030	.654179	.257791
.088029	.654175	.257797
.088028	.654170	.257802
.088026	.654166	.257807
.088025	.654162	.257813
.088024	.654158	.257818
.088023	.654154	.257824
.088021	.654150	.257829
.085452	.635060	.279488
.085451	.635054	.279495
.085449	.635049	.279502
.085448	.635044	.279508
.090973	.676115	.232911
.090972	.676112	.232915
.090971	.676109	.232920
.090970	.676106	.232924
.090969	.676103	.232928
.090968	.676100	.232932
.090967	.676097	.232937
.090965	.676094	.232941
.090964	.676091	.232945
.090963	.676088	.232949
.090962	.676085	.232953
.087165	.647864	.264972
.087163	.647859	.264977
.086872	.645699	.267430
.086871	.645694	.267436
.086869	.645689	.267441
.087827	.652814	.259359
.087826	.652810	.259364
.087825	.652806	.259370
.087823	.652801	.259375
.087822	.652797	.259381
.087672	.651683	.260645
.087670	.651679	.260651
.087413	.649769	.262818
.086118	.640147	.273735
.086116	.640142	.273741
.085612	.636399	.277989
.085611	.636394	.277995
.085609	.636389	.278002
.085608	.636384	.278009
.090463	.672482	.237055
.090462	.672479	.237059
.090461	.672476	.237063
.090460	.672472	.237068
.090459	.672469	.237072
.090457	.672466	.237077
.090456	.672463	.237081
.090455	.672460	.237085
.090454	.672456	.237090
.090453	.672453	.237094
.090452	.672450	.237098
.090451	.672447	.237103
.090449	.672443	.237107
.090448	.672440	.237112
.090447	.672437	.237116
.085893	.638583	.275524
.085892	.638578	.275530
.086896	.646049	.267055
.086894	.646045	.267061
.086893	.646040	.267067
.086892	.646035	.267073
.086891	.646031	.267079
.085382	.634819	.279800
.085380	.634813	.279806
.085379	.634808	.279813
.085378	.634803	.279819
.085376	.634798	.279826
.085375	.634792	.279833
.087677	.651913	.260410
.087676	.651909	.260415
.087674	.651905	.260421
.087673	.651901	.260426
.087672	.651896	.260432
.087671	.651892	.260437
.087669	.651888	.260443
.087668	.651883	.260448
.087667	.651879	.260454
.087666	.651875	.260460
.087664	.651871	.260465
.087447	.650262	.262291
.087446	.650257	.262297
.087445	.650253	.262302
.087226	.648629	.264146
.087224	.648624	.264152
.087223	.648620	.264157
.087222	.648615	.264163
.087220	.648611	.264169
.087219	.648606	.264174
.085348	.634696	.279957
.085347	.634690	.279963
.085345	.634685	.279970
.085344	.634680	.279976
.085342	.634675	.279983
.085341	.634669	.279990
.087017	.647140	.265842
.086359	.642250	.271391
.088426	.657631	.253943
.087530	.650967	.261503
.088857	.660841	.250302
.088856	.660837	.250307
.088854	.660834	.250312
.089022	.662087	.248891
.089021	.662083	.248896
.089020	.662079	.248901
.085619	.636795	.277586
.085618	.636789	.277593
.085617	.636784	.277599
.085615	.636779	.277605
.085614	.636774	.277612
.085613	.636769	.277618
.087498	.650801	.261701
.087497	.650796	.261707
.086621	.644281	.269098
.086853	.646013	.267134
.086851	.646009	.267140
.086850	.646004	.267146
.086849	.645999	.267152
.086848	.645995	.267158
.086994	.647089	.265917
.086993	.647085	.265922
.086142	.640759	.273099
.086140	.640754	.273105
.086139	.640749	.273112
.086138	.640745	.273118
.086136	.640740	.273124
.086135	.640735	.273130
.086134	.640730	.273136
.086132	.640725	.273143
.086131	.640720	.273149
.086130	.640715	.273155
.088606	.659144	.252250
.088605	.659140	.252255
.088604	.659136	.252260
.088603	.659132	.252265
.087674	.652228	.260098
.087947	.654264	.257789
.087946	.654260	.257794
.089186	.663492	.247322
.089185	.663489	.247327
.089184	.663485	.247331
.089182	.663481	.247336
.089181	.663478	.247341
.089180	.663474	.247346
.089179	.663471	.247351
.089178	.663467	.247356
.089176	.663463	.247360
.089175	.663460	.247365
.089174	.663456	.247370
.089173	.663452	.247375
.089172	.663449	.247380
.089170	.663445	.247385
.087812	.653345	.258843
.086277	.641925	.271799
.087845	.653596	.258559
.087843	.653592	.258565
.087842	.653588	.258570
.087841	.653584	.258576
.087372	.650100	.262528
.087371	.650096	.262533
.087369	.650091	.262539
.087802	.653313	.258885
.087800	.653309	.258891
.087799	.653305	.258896
.087798	.653300	.258902
.087797	.653296	.258907
.087795	.653292	.258912
.087794	.653288	.258918
.087793	.653284	.258923
.087792	.653280	.258929
.087790	.653275	.258934
.087789	.653271	.258940
.087788	.653267	.258945
.087997	.654829	.257173
.087996	.654825	.257179
.088740	.660365	.250895
.088076	.655429	.256496
.087058	.647862	.265079
.085234	.634291	.280475
.085232	.634285	.280482
.085231	.634280	.280489
.085230	.634275	.280495
.085228	.634270	.280502
.085227	.634265	.280508
.085226	.634259	.280515
.085224	.634254	.280522
.085223	.634249	.280528
.085222	.634244	.280535
.085220	.634238	.280541
.085219	.634233	.280548
.085217	.634228	.280555
.085216	.634223	.280561
.085215	.634218	.280568
.085213	.634212	.280574
.087438	.650779	.261783
.087437	.650774	.261788
.087436	.650770	.261794
.087435	.650766	.261799
.087433	.650762	.261805
.087432	.650757	.261811
.087431	.650753	.261816
.087430	.650749	.261822
.087428	.650744	.261827
.087427	.650740	.261833
.087426	.650736	.261838
.087425	.650732	.261844
.087423	.650727	.261849
.087422	.650723	.261855
.087421	.650719	.261861
.087420	.650714	.261866
.087418	.650710	.261872
.087417	.650706	.261877
.087416	.650701	.261883
.087415	.650697	.261888
.087413	.650693	.261894
.087412	.650689	.261899
.087411	.650684	.261905
.087409	.650680	.261911
.087408	.650676	.261916
.087407	.650671	.261922
.088266	.657074	.254660
.088265	.657070	.254665
.088264	.657066	.254670
.088263	.657062	.254675
.088261	.657058	.254680
.088260	.657054	.254685
.088259	.657050	.254691
.088258	.657046	.254696
.088257	.657043	.254701
.088255	.657039	.254706
.088254	.657035	.254711
.088253	.657031	.254716
.088252	.657027	.254722
.088250	.657023	.254727
.088249	.657019	.254732
.088248	.657015	.254737
.088247	.657011	.254742
.088246	.657007	.254747
.088244	.657003	.254753
.088243	.656999	.254758
.088242	.656995	.254763
.088241	.656991	.254768
.088239	.656987	.254773
.088238	.656983	.254779
.088237	.656979	.254784
.088236	.656975	.254789
.088235	.656971	.254794
.088233	.656967	.254799
.088232	.656964	.254804
.088231	.656960	.254810
.088230	.656956	.254815
.088228	.656952	.254820
.088227	.656948	.254825
.088226	.656944	.254830
.088225	.656940	.254835
.088224	.656936	.254841
.088222	.656932	.254846
.088221	.656928	.254851
.088220	.656924	.254856
.088219	.656920	.254861
.088217	.656916	.254866
.088216	.656912	.254872
.088215	.656908	.254877
.088214	.656904	.254882
.088213	.656900	.254887
.088211	.656896	.254892
.088210	.656892	.254897
.088209	.656889	.254903
.088208	.656885	.254908
.088206	.656881	.254913
.088205	.656877	.254918
.088204	.656873	.254923
.088203	.656869	.254928
.088202	.656865	.254934
.088200	.656861	.254939
.088199	.656857	.254944
.088198	.656853	.254949
.088197	.656849	.254954
.088195	.656845	.254959
.088194	.656841	.254965
.088193	.656837	.254970
.088192	.656833	.254975
.088191	.656829	.254980
.088189	.656825	.254985
.088188	.656821	.254990
.088187	.656818	.254996
.088186	.656814	.255001
.088184	.656810	.255006
.088183	.656806	.255011
.088182	.656802	.255016
.088181	.656798	.255021
.088180	.656794	.255027
.088178	.656790	.255032
.088177	.656786	.255037
.088176	.656782	.255042
.088175	.656778	.255047
.088174	.656774	.255052
.088172	.656770	.255058
.088171	.656766	.255063
.088170	.656762	.255068
.088169	.656758	.255073
.088167	.656754	.255078
.088166	.656750	.255083
.088165	.656747	.255088
.088164	.656743	.255094
.088163	.656739	.255099
.088161	.656735	.255104
.088160	.656731	.255109
.088159	.656727	.255114
.088158	.656723	.255119
.088156	.656719	.255125
.088155	.656715	.255130
.088154	.656711	.255135
.088153	.656707	.255140
.088152	.656703	.255145
.088150	.656699	.255150
.088149	.656695	.255156
.088148	.656691	.255161
.088147	.656687	.255166
.088145	.656683	.255171
.088144	.656680	.255176
.088143	.656676	.255181
.088142	.656672	.255187
.088141	.656668	.255192
.088139	.656664	.255197
.088138	.656660	.255202
.088137	.656656	.255207
.088136	.656652	.255212
.088134	.656648	.255217
.088133	.656644	.255223
.088132	.656640	.255228
.088131	.656636	.255233
.088130	.656632	.255238
.088128	.656628	.255243
.088127	.656624	.255248
.088126	.656620	.255254
.088125	.656617	.255259
.088124	.656613	.255264
.088122	.656609	.255269
.088121	.656605	.255274
.088120	.656601	.255279
.088119	.656597	.255284
.088117	.656593	.255290
.088116	.656589	.255295
.088115	.656585	.255300
.088114	.656581	.255305
.088113	.656577	.255310
.088111	.656573	.255315
.088110	.656569	.255321
.088109	.656565	.255326
.088108	.656561	.255331
.088106	.656558	.255336
.088105	.656554	.255341
.088104	.656550	.255346
.088103	.656546	.255351
.088102	.656542	.255357
.088100	.656538	.255362
.088099	.656534	.255367
.088098	.656530	.255372
.088097	.656526	.255377
.088096	.656522	.255382
.088094	.656518	.255388
.088093	.656514	.255393
.088092	.656510	.255398
.088091	.656506	.255403
.088089	.656502	.255408
.088088	.656498	.255413
.088087	.656495	.255418
.088086	.656491	.255424
.088085	.656487	.255429
.088083	.656483	.255434
.088082	.656479	.255439
.088081	.656475	.255444
.088080	.656471	.255449
.088078	.656467	.255454
.088077	.656463	.255460
.088076	.656459	.255465
.088075	.656455	.255470
.088074	.656451	.255475
.088072	.656447	.255480
.088071	.656443	.255485
.088070	.656440	.255491
.088069	.656436	.255496
.088068	.656432	.255501
.088066	.656428	.255506
.088065	.656424	.255511
.088064	.656420	.255516
.088063	.656416	.255521
.088061	.656412	.255527
.088060	.656408	.255532
.088059	.656404	.255537
.088058	.656400	.255542
.088057	.656396	.255547
.088055	.656392	.255552
.088054	.656388	.255557
.088053	.656384	.255563
.088052	.656381	.255568
.088051	.656377	.255573
.088049	.656373	.255578
.088048	.656369	.255583
.088047	.656365	.255588
.088046	.656361	.255593
.088044	.656357	.255599
.088043	.656353	.255604
.088042	.656349	.255609
.088041	.656345	.255614
.088040	.656341	.255619
.088038	.656337	.255624
.088037	.656333	.255629
.088036	.656330	.255635
.088035	.656326	.255640
.088034	.656322	.255645
.088032	.656318	.255650
.088031	.656314	.255655
.088030	.656310	.255660
.088029	.656306	.255665
.088027	.656302	.255671
.088026	.656298	.255676
.088025	.656294	.255681
.088024	.656290	.255686
.088023	.656286	.255691
.088021	.656282	.255696
.088020	.656278	.255701
.088019	.656275	.255707
.088018	.656271	.255712
.088016	.656267	.255717
.088015	.656263	.255722
.088014	.656259	.255727
.088013	.656255	.255732
.088012	.656251	.255737
.088010	.656247	.255743
.088009	.656243	.255748
.088008	.656239	.255753
.088007	.656235	.255758
.088006	.656231	.255763
.088004	.656227	.255768
.088003	.656224	.255773
.088002	.656220	.255778
.088001	.656216	.255784
.087999	.656212	.255789
.087998	.656208	.255794
.087997	.656204	.255799
.087996	.656200	.255804
.087995	.656196	.255809
.087993	.656192	.255814
.087992	.656188	.255820
.087991	.656184	.255825
.087990	.656180	.255830
.087989	.656176	.255835
.087987	.656173	.255840
.087986	.656169	.255845
.087985	.656165	.255850
.087984	.656161	.255856
.087983	.656157	.255861
.087981	.656153	.255866
.087980	.656149	.255871
.087979	.656145	.255876
.087978	.656141	.255881
.087976	.656137	.255886
.087975	.656133	.255891
.087974	.656129	.255897
.087973	.656125	.255902
.087972	.656122	.255907
.087970	.656118	.255912
.087969	.656114	.255917
.087968	.656110	.255922
.087967	.656106	.255927
.087966	.656102	.255933
.087964	.656098	.255938
.087963	.656094	.255943
.087962	.656090	.255948
.087961	.656086	.255953
.087959	.656082	.255958
.087958	.656078	.255963
.087957	.656075	.255968
.087956	.656071	.255974
.087955	.656067	.255979
.087953	.656063	.255984
.087952	.656059	.255989
.087951	.656055	.255994
.087950	.656051	.255999
.087949	.656047	.256004
.087947	.656043	.256009
.087946	.656039	.256015
.087945	.656035	.256020
.087944	.656031	.256025
.087942	.656028	.256030
.087941	.656024	.256035
.087940	.656020	.256040
.087939	.656016	.256045
.087938	.656012	.256050
.087936	.656008	.256056
.087935	.656004	.256061
.087934	.656000	.256066
.087933	.655996	.256071
.087932	.655992	.256076
.087930	.655988	.256081
.087929	.655984	.256086
.087928	.655981	.256092
.087927	.655977	.256097
.087926	.655973	.256102
.087924	.655969	.256107
.087923	.655965	.256112
.087922	.655961	.256117
.087921	.655957	.256122
.087919	.655953	.256127
.087918	.655949	.256133
.087917	.655945	.256138
.087916	.655941	.256143
.087915	.655937	.256148
.087913	.655934	.256153
.087912	.655930	.256158
.087911	.655926	.256163
.087910	.655922	.256168
.087909	.655918	.256174
.087907	.655914	.256179
.087906	.655910	.256184
.087905	.655906	.256189
.087904	.655902	.256194
.087903	.655898	.256199
.087901	.655894	.256204
.087900	.655891	.256209
.087899	.655887	.256215
.087898	.655883	.256220
.087896	.655879	.256225
.087895	.655875	.256230
.087894	.655871	.256235
.087893	.655867	.256240
.087892	.655863	.256245
.087890	.655859	.256250
.087889	.655855	.256255
.087888	.655851	.256261
.087887	.655848	.256266
.087886	.655844	.256271
.087884	.655840	.256276
.087883	.655836	.256281
.087882	.655832	.256286
.087881	.655828	.256291
.087880	.655824	.256296
.087878	.655820	.256302
.087877	.655816	.256307
.087876	.655812	.256312
.087875	.655808	.256317
.087873	.655804	.256322
.087872	.655801	.256327
.087871	.655797	.256332
.087870	.655793	.256337
.087869	.655789	.256343
.087867	.655785	.256348
.087866	.655781	.256353
.087865	.655777	.256358
.087864	.655773	.256363
.087863	.655769	.256368
.087861	.655765	.256373
.087860	.655762	.256378
.087859	.655758	.256383
.087858	.655754	.256389
.087857	.655750	.256394
.087855	.655746	.256399
.087854	.655742	.256404
.087853	.655738	.256409
.087852	.655734	.256414
.087851	.655730	.256419
.087849	.655726	.256424
.087848	.655722	.256429
.087847	.655719	.256435
.087846	.655715	.256440
.087844	.655711	.256445
.087843	.655707	.256450
.087842	.655703	.256455
.087841	.655699	.256460
.087840	.655695	.256465
.087838	.655691	.256470
.087837	.655687	.256476
.087836	.655683	.256481
.087835	.655679	.256486
.087834	.655676	.256491
.087832	.655672	.256496
.087831	.655668	.256501
.087830	.655664	.256506
.087829	.655660	.256511
.087828	.655656	.256516
.087826	.655652	.256522
.087825	.655648	.256527
.087824	.655644	.256532
.087823	.655640	.256537
.087822	.655637	.256542
.087820	.655633	.256547
.087819	.655629	.256552
.087818	.655625	.256557
.087817	.655621	.256562
.087815	.655617	.256568
.087814	.655613	.256573
.087813	.655609	.256578
.087812	.655605	.256583
.087811	.655601	.256588
.087809	.655598	.256593
.087808	.655594	.256598
.087807	.655590	.256603
.087806	.655586	.256608
.087805	.655582	.256614
.087803	.655578	.256619
.087802	.655574	.256624
.087801	.655570	.256629
.087800	.655566	.256634
.087799	.655562	.256639
.087797	.655558	.256644
.087796	.655555	.256649
.087795	.655551	.256654
.087794	.655547	.256659
.087793	.655543	.256665
.087791	.655539	.256670
.087790	.655535	.256675
.087789	.655531	.256680
.087788	.655527	.256685
.087786	.655523	.256690
.087785	.655519	.256695
.087784	.655516	.256700
.087783	.655512	.256705
.087782	.655508	.256711
.087780	.655504	.256716
.087779	.655500	.256721
.087778	.655496	.256726
.087777	.655492	.256731
.087776	.655488	.256736
.087774	.655484	.256741
.087773	.655481	.256746
.087772	.655477	.256751
.087771	.655473	.256756
.087770	.655469	.256762
.087768	.655465	.256767
.087767	.655461	.256772
.087766	.655457	.256777
.087765	.655453	.256782
.087764	.655449	.256787
.087762	.655445	.256792
.087761	.655442	.256797
.087760	.655438	.256802
.087759	.655434	.256807
.087758	.655430	.256813
.087756	.655426	.256818
.087755	.655422	.256823
.087754	.655418	.256828
.087753	.655414	.256833
.087752	.655410	.256838
.087750	.655406	.256843
.087749	.655403	.256848
.087748	.655399	.256853
.087747	.655395	.256859
.087745	.655391	.256864
.087744	.655387	.256869
.087743	.655383	.256874
.087742	.655379	.256879
.087741	.655375	.256884
.087739	.655371	.256889
.087738	.655368	.256894
.087737	.655364	.256899
.087736	.655360	.256904
.087735	.655356	.256910
.087733	.655352	.256915
.087732	.655348	.256920
.087731	.655344	.256925
.087730	.655340	.256930
.087729	.655336	.256935
.087727	.655332	.256940
.087726	.655329	.256945
.087725	.655325	.256950
.087724	.655321	.256955
.087723	.655317	.256960
.087721	.655313	.256966
.087720	.655309	.256971
.087719	.655305	.256976
.087718	.655301	.256981
.087717	.655297	.256986
.087715	.655294	.256991
.087714	.655290	.256996
.087713	.655286	.257001
.087712	.655282	.257006
.087711	.655278	.257011
.087709	.655274	.257017
.087708	.655270	.257022
.087707	.655266	.257027
.087706	.655262	.257032
.087705	.655259	.257037
.087703	.655255	.257042
.087702	.655251	.257047
.087701	.655247	.257052
.087700	.655243	.257057
.087699	.655239	.257062
.087697	.655235	.257067
.087696	.655231	.257073
.087695	.655227	.257078
.087694	.655224	.257083
.087693	.655220	.257088
.087691	.655216	.257093
.087690	.655212	.257098
.087689	.655208	.257103
.087688	.655204	.257108
.087686	.655200	.257113
.087685	.655196	.257118
.087684	.655192	.257123
.087683	.655189	.257129
.087682	.655185	.257134
.087680	.655181	.257139
.087679	.655177	.257144
.087678	.655173	.257149
.087677	.655169	.257154
.087676	.655165	.257159
.087674	.655161	.257164
.087673	.655157	.257169
.087672	.655154	.257174
.087671	.655150	.257179
.087670	.655146	.257185
.087668	.655142	.257190
.087667	.655138	.257195
.087666	.655134	.257200
.087665	.655130	.257205
.087664	.655126	.257210
.087662	.655122	.257215
.087661	.655119	.257220
.087660	.655115	.257225
.087659	.655111	.257230
.087658	.655107	.257235
.087656	.655103	.257241
.087655	.655099	.257246
.087654	.655095	.257251
.087653	.655091	.257256
.087652	.655088	.257261
.087650	.655084	.257266
.087649	.655080	.257271
.087648	.655076	.257276
.087647	.655072	.257281
.087646	.655068	.257286
.087644	.655064	.257291
.087643	.655060	.257296
.087642	.655056	.257302
.087641	.655053	.257307
.087640	.655049	.257312
.087638	.655045	.257317
.087637	.655041	.257322
.087636	.655037	.257327
.087635	.655033	.257332
.087634	.655029	.257337
.087632	.655025	.257342
.087631	.655021	.257347
.087630	.655018	.257352
.087629	.655014	.257357
.087628	.655010	.257363
.087626	.655006	.257368
.087625	.655002	.257373
.087624	.654998	.257378
.087623	.654994	.257383
.087622	.654990	.257388
.087620	.654987	.257393
.087619	.654983	.257398
.087618	.654979	.257403
.087617	.654975	.257408
.087616	.654971	.257413
.087614	.654967	.257418
.087613	.654963	.257424
.087612	.654959	.257429
.087611	.654956	.257434
.087610	.654952	.257439
.087608	.654948	.257444
.087607	.654944	.257449
.087606	.654940	.257454
.087605	.654936	.257459
.087604	.654932	.257464
.087602	.654928	.257469
.087601	.654924	.257474
.087600	.654921	.257479
.087599	.654917	.257485
.087598	.654913	.257490
.087596	.654909	.257495
.087595	.654905	.257500
.087594	.654901	.257505
.087593	.654897	.257510
.087592	.654893	.257515
.087590	.654890	.257520
.087589	.654886	.257525
.087588	.654882	.257530
.087587	.654878	.257535
.087586	.654874	.257540
.087584	.654870	.257545
.087583	.654866	.257551
.087582	.654862	.257556
.087581	.654859	.257561
.087580	.654855	.257566
.087578	.654851	.257571
.087577	.654847	.257576
.087576	.654843	.257581
.087575	.654839	.257586
.087574	.654835	.257591
.087572	.654831	.257596
.087571	.654828	.257601
.087570	.654824	.257606
.087569	.654820	.257611
.087568	.654816	.257616
.087566	.654812	.257622
.087565	.654808	.257627
.087564	.654804	.257632
.087563	.654800	.257637
.087562	.654797	.257642
.087560	.654793	.257647
.087559	.654789	.257652
.087558	.654785	.257657
.087557	.654781	.257662
.087556	.654777	.257667
.087554	.654773	.257672
.087553	.654769	.257677
.087552	.654766	.257682
.087551	.654762	.257688
.087550	.654758	.257693
.087548	.654754	.257698
.087547	.654750	.257703
.087546	.654746	.257708
.087545	.654742	.257713
.087544	.654738	.257718
.087542	.654735	.257723
.087541	.654731	.257728
.087540	.654727	.257733
.087539	.654723	.257738
.087538	.654719	.257743
.087536	.654715	.257748
.087535	.654711	.257753
.087534	.654707	.257759
.087533	.654704	.257764
.087532	.654700	.257769
.087530	.654696	.257774
.087529	.654692	.257779
.087528	.654688	.257784
.087527	.654684	.257789
.087526	.654680	.257794
.087524	.654677	.257799
.087523	.654673	.257804
.087522	.654669	.257809
.087521	.654665	.257814
.087520	.654661	.257819
.087518	.654657	.257824
.087517	.654653	.257829
.087516	.654649	.257835
.087515	.654646	.257840
.087514	.654642	.257845
.087512	.654638	.257850
.087511	.654634	.257855
.087510	.654630	.257860
.087509	.654626	.257865
.087508	.654622	.257870
.087506	.654618	.257875
.087505	.654615	.257880
.087504	.654611	.257885
.087503	.654607	.257890
.087502	.654603	.257895
.087501	.654599	.257900
.087499	.654595	.257905
.087498	.654591	.257911
.087497	.654588	.257916
.087496	.654584	.257921
.087495	.654580	.257926
.087493	.654576	.257931
.087492	.654572	.257936
.087491	.654568	.257941
.087490	.654564	.257946
.087489	.654560	.257951
.087487	.654557	.257956
.087486	.654553	.257961
.087485	.654549	.257966
.087484	.654545	.257971
.087483	.654541	.257976
.087481	.654537	.257981
.087480	.654533	.257986
.087479	.654530	.257992
.087478	.654526	.257997
.087477	.654522	.258002
.087475	.654518	.258007
.087474	.654514	.258012
.087473	.654510	.258017
.087472	.654506	.258022
.087471	.654502	.258027
.087469	.654499	.258032
.087468	.654495	.258037
.087467	.654491	.258042
.087466	.654487	.258047
.087465	.654483	.258052
.087463	.654479	.258057
.087462	.654475	.258062
.087461	.654472	.258067
.087460	.654468	.258072
.087459	.654464	.258078
.087457	.654460	.258083
.087456	.654456	.258088
.087455	.654452	.258093
.087454	.654448	.258098
.087453	.654445	.258103
.087451	.654441	.258108
.087450	.654437	.258113
.087449	.654433	.258118
.087448	.654429	.258123
.087447	.654425	.258128
.087445	.654421	.258133
.087444	.654417	.258138
.087443	.654414	.258143
.087442	.654410	.258148
.087441	.654406	.258153
.087440	.654402	.258158
.087438	.654398	.258163
.087437	.654394	.258169
.087436	.654390	.258174
.087435	.654387	.258179
.087434	.654383	.258184
.087432	.654379	.258189
.087431	.654375	.258194
.087430	.654371	.258199
.087429	.654367	.258204
.087428	.654363	.258209
.087426	.654360	.258214
.087425	.654356	.258219
.087424	.654352	.258224
.087423	.654348	.258229
.087422	.654344	.258234
.087420	.654340	.258239
.087419	.654336	.258244
.087418	.654333	.258249
.087417	.654329	.258254
.087416	.654325	.258260
.087414	.654321	.258265
.087413	.654317	.258270
.087412	.654313	.258275
.087411	.654309	.258280
.087410	.654306	.258285
.087408	.654302	.258290
.087407	.654298	.258295
.087406	.654294	.258300
.087405	.654290	.258305
.087404	.654286	.258310
.087403	.654282	.258315
.087401	.654279	.258320
.087400	.654275	.258325
.087399	.654271	.258330
.087398	.654267	.258335
.087397	.654263	.258340
.087395	.654259	.258345
.087394	.654255	.258350
.087393	.654252	.258355
.087392	.654248	.258361
.087391	.654244	.258366
.087389	.654240	.258371
.087388	.654236	.258376
.087387	.654232	.258381
.087386	.654228	.258386
.087385	.654225	.258391
.087383	.654221	.258396
.087382	.654217	.258401
.087381	.654213	.258406
.087380	.654209	.258411
.087379	.654205	.258416
.087377	.654201	.258421
.087376	.654198	.258426
.087375	.654194	.258431
.087374	.654190	.258436
.087373	.654186	.258441
.087371	.654182	.258446
.087370	.654178	.258451
.087369	.654174	.258456
.087368	.654171	.258461
.087367	.654167	.258467
.087366	.654163	.258472
.087364	.654159	.258477
.087363	.654155	.258482
.087362	.654151	.258487
.087361	.654148	.258492
.087360	.654144	.258497
.087358	.654140	.258502
.087357	.654136	.258507
.087356	.654132	.258512
.087355	.654128	.258517
.087354	.654124	.258522
.087352	.654121	.258527
.087351	.654117	.258532
.087350	.654113	.258537
.087349	.654109	.258542
.087348	.654105	.258547
.087346	.654101	.258552
.087345	.654097	.258557
.087344	.654094	.258562
.087343	.654090	.258567
.087342	.654086	.258572
.087341	.654082	.258577
.087339	.654078	.258583
.087338	.654074	.258588
.087337	.654070	.258593
.087336	.654067	.258598
.087335	.654063	.258603
.087333	.654059	.258608
.087332	.654055	.258613
.087331	.654051	.258618
.087330	.654047	.258623
.087329	.654044	.258628
.087327	.654040	.258633
.087326	.654036	.258638
.087325	.654032	.258643
.087324	.654028	.258648
.087323	.654024	.258653
.087321	.654020	.258658
.087320	.654017	.258663
.087319	.654013	.258668
.087318	.654009	.258673
.087317	.654005	.258678
.087315	.654001	.258683
.087314	.653997	.258688
.087313	.653994	.258693
.087312	.653990	.258698
.087311	.653986	.258703
.087310	.653982	.258708
.087308	.653978	.258714
.087307	.653974	.258719
.087306	.653970	.258724
.087305	.653967	.258729
.087304	.653963	.258734
.087302	.653959	.258739
.087301	.653955	.258744
.087300	.653951	.258749
.087299	.653947	.258754
.087298	.653944	.258759
.087296	.653940	.258764
.087295	.653936	.258769
.087294	.653932	.258774
.087293	.653928	.258779
.087292	.653924	.258784
.087291	.653920	.258789
.087289	.653917	.258794
.087288	.653913	.258799
.087287	.653909	.258804
.087286	.653905	.258809
.087285	.653901	.258814
.087283	.653897	.258819
.087282	.653894	.258824
.087281	.653890	.258829
.087280	.653886	.258834
.087279	.653882	.258839
.087277	.653878	.258844
.087276	.653874	.258849
.087275	.653870	.258854
.087274	.653867	.258860
.087273	.653863	.258865
.087271	.653859	.258870
.087270	.653855	.258875
.087269	.653851	.258880
.087268	.653847	.258885
.087267	.653844	.258890
.087266	.653840	.258895
.087264	.653836	.258900
.087263	.653832	.258905
.087262	.653828	.258910
.087261	.653824	.258915
.087260	.653821	.258920
.087258	.653817	.258925
.087257	.653813	.258930
.087256	.653809	.258935
.087255	.653805	.258940
.087254	.653801	.258945
.087252	.653797	.258950
.087251	.653794	.258955
.087250	.653790	.258960
.087249	.653786	.258965
.087248	.653782	.258970
.087247	.653778	.258975
.087245	.653774	.258980
.087244	.653771	.258985
.087243	.653767	.258990
.087242	.653763	.258995
.087241	.653759	.259000
.087239	.653755	.259005
.087238	.653751	.259010
.087237	.653748	.259015
.087236	.653744	.259020
.087235	.653740	.259025
.087233	.653736	.259030
.087232	.653732	.259036
.087231	.653728	.259041
.087230	.653725	.259046
.087229	.653721	.259051
.087228	.653717	.259056
.087226	.653713	.259061
.087225	.653709	.259066
.087224	.653705	.259071
.087223	.653702	.259076
.087222	.653698	.259081
.087220	.653694	.259086
.087219	.653690	.259091
.087218	.653686	.259096
.087217	.653682	.259101
.087216	.653678	.259106
.087214	.653675	.259111
.087213	.653671	.259116
.087212	.653667	.259121
.087211	.653663	.259126
.087210	.653659	.259131
.087209	.653655	.259136
.087207	.653652	.259141
.087206	.653648	.259146
.087205	.653644	.259151
.087204	.653640	.259156
.087203	.653636	.259161
.087201	.653632	.259166
.087200	.653629	.259171
.087199	.653625	.259176
.087198	.653621	.259181
.087197	.653617	.259186
.087195	.653613	.259191
.087194	.653609	.259196
.087193	.653606	.259201
.087192	.653602	.259206
.087191	.653598	.259211
.087190	.653594	.259216
.087188	.653590	.259221
.087187	.653586	.259226
.087186	.653583	.259231
.087185	.653579	.259236
.087184	.653575	.259241
.087182	.653571	.259246
.087181	.653567	.259251
.087180	.653563	.259256
.087179	.653560	.259262
.087178	.653556	.259267
.087176	.653552	.259272
.087175	.653548	.259277
.087174	.653544	.259282
.087173	.653540	.259287
.087172	.653537	.259292
.087171	.653533	.259297
.087169	.653529	.259302
.087168	.653525	.259307
.087167	.653521	.259312
.087166	.653517	.259317
.087165	.653514	.259322
.087163	.653510	.259327
.087162	.653506	.259332
.087161	.653502	.259337
.087160	.653498	.259342
.087159	.653495	.259347
.087158	.653491	.259352
.087156	.653487	.259357
.087155	.653483	.259362
.087154	.653479	.259367
.087153	.653475	.259372
.087152	.653472	.259377
.087150	.653468	.259382
.087149	.653464	.259387
.087148	.653460	.259392
.087147	.653456	.259397
.087146	.653452	.259402
.087144	.653449	.259407
.087143	.653445	.259412
.087142	.653441	.259417
.087141	.653437	.259422
.087140	.653433	.259427
.087139	.653429	.259432
.087137	.653426	.259437
.087136	.653422	.259442
.087135	.653418	.259447
.087134	.653414	.259452
.087133	.653410	.259457
.087131	.653406	.259462
.087130	.653403	.259467
.087129	.653399	.259472
.087128	.653395	.259477
.087127	.653391	.259482
.087126	.653387	.259487
.087124	.653383	.259492
.087123	.653380	.259497
.087122	.653376	.259502
.087121	.653372	.259507
.087120	.653368	.259512
.087118	.653364	.259517
.087117	.653361	.259522
.087116	.653357	.259527
.087115	.653353	.259532
.087114	.653349	.259537
.087113	.653345	.259542
.087111	.653341	.259547
.087110	.653338	.259552
.087109	.653334	.259557
.087108	.653330	.259562
.087107	.653326	.259567
.087105	.653322	.259572
.087104	.653318	.259577
.087103	.653315	.259582
.087102	.653311	.259587
.087101	.653307	.259592
.087100	.653303	.259597
.087098	.653299	.259602
.087097	.653296	.259607
.087096	.653292	.259612
.087095	.653288	.259617
