.000000	.000000	.000000
.100769	.066942	.832289
.103121	.068507	.828372
.091675	.060904	.847421
.094948	.063079	.841973
.388398	.044657	.566946
.401301	.046135	.552565
.370537	.042591	.586872
.360583	.041440	.597977
.360469	.041422	.598109
.360474	.041417	.598109
.360409	.041405	.598186
.360413	.041400	.598187
.360418	.041395	.598187
.360422	.041391	.598187
.360426	.041386	.598188
.360429	.041384	.598188
.360432	.041380	.598188
.360436	.041376	.598188
.360440	.041371	.598189
.360443	.041368	.598189
.360447	.041364	.598189
.360452	.041358	.598190
.360455	.041355	.598190
.360457	.041353	.598190
.360459	.041351	.598190
.360461	.041349	.598190
.360463	.041346	.598190
.360466	.041343	.598191
.360470	.041339	.598191
.360472	.041337	.598191
.360474	.041334	.598191
.360477	.041331	.598191
.360480	.041329	.598192
.360482	.041327	.598192
.360484	.041324	.598192
.360487	.041321	.598192
.360489	.041318	.598192
.360493	.041315	.598193
.360496	.041311	.598193
.360497	.041310	.598193
.360499	.041308	.598193
.360502	.041304	.598193
.360506	.041300	.598194
.360508	.041298	.598194
.360510	.041296	.598194
.360514	.041292	.598194
.360516	.041289	.598194
.360520	.041286	.598195
.360522	.041283	.598195
.360523	.041282	.598195
.360526	.041279	.598195
.360528	.041277	.598195
.360529	.041276	.598195
.360531	.041274	.598195
.360533	.041271	.598196
.360537	.041268	.598196
.360538	.041266	.598196
.360539	.041265	.598196
.360541	.041263	.598196
.360542	.041262	.598196
.360544	.041260	.598196
.360546	.041258	.598197
.360548	.041255	.598197
.360548	.041255	.598197
.360550	.041253	.598197
.360551	.041251	.598197
.360554	.041249	.598197
.360555	.041247	.598197
.360556	.041247	.598197
.360559	.041243	.598198
.360561	.041241	.598198
.360562	.041240	.598198
.360565	.041237	.598198
.360567	.041235	.598198
.360569	.041233	.598198
.360571	.041230	.598199
.360574	.041228	.598199
.360575	.041227	.598199
.360577	.041224	.598199
.360579	.041222	.598199
.360580	.041221	.598199
.360582	.041219	.598199
.360583	.041217	.598199
.360586	.041214	.598200
.360588	.041212	.598200
.360588	.041212	.598200
.360591	.041209	.598200
.360593	.041207	.598200
.360594	.041206	.598200
.360595	.041204	.598200
.360597	.041203	.598200
.360598	.041202	.598201
.360600	.041200	.598201
.360601	.041198	.598201
.360603	.041196	.598201
.360604	.041195	.598201
.360606	.041193	.598201
.360607	.041192	.598201
.360609	.041190	.598201
.360610	.041188	.598202
.360612	.041186	.598202
.360614	.041184	.598202
.360615	.041183	.598202
.360617	.041181	.598202
.360619	.041179	.598202
.360620	.041178	.598202
.360623	.041175	.598202
.360624	.041174	.598203
.360625	.041173	.598203
.360626	.041171	.598203
.360628	.041170	.598203
.360629	.041168	.598203
.360631	.041166	.598203
.360633	.041164	.598203
.360635	.041162	.598203
.360636	.041161	.598203
.360636	.041160	.598204
.360637	.041160	.598204
.360638	.041158	.598204
.360640	.041156	.598204
.360642	.041154	.598204
.360644	.041152	.598204
.360646	.041150	.598204
.360647	.041149	.598204
.360648	.041147	.598204
.360650	.041146	.598205
.360650	.041145	.598205
.360652	.041143	.598205
.360653	.041142	.598205
.360655	.041140	.598205
.360656	.041139	.598205
.360657	.041138	.598205
.360658	.041137	.598205
.360659	.041135	.598205
.360661	.041134	.598205
.360663	.041132	.598206
.360664	.041130	.598206
.360666	.041128	.598206
.360667	.041127	.598206
.360668	.041126	.598206
.360670	.041124	.598206
.360671	.041123	.598206
.360672	.041122	.598206
.360673	.041120	.598206
.360675	.041119	.598206
.360677	.041116	.598207
.360678	.041115	.598207
.360679	.041114	.598207
.360680	.041114	.598207
.360681	.041112	.598207
.360682	.041111	.598207
.360682	.041111	.598207
.360684	.041109	.598207
.360685	.041108	.598207
.360687	.041106	.598207
.360688	.041105	.598207
.360689	.041104	.598208
.360691	.041102	.598208
.360692	.041101	.598208
.360692	.041100	.598208
.360693	.041099	.598208
.360695	.041097	.598208
.360696	.041095	.598208
.360697	.041094	.598208
.360699	.041093	.598208
.360700	.041091	.598208
.360702	.041089	.598209
.360703	.041089	.598209
.360705	.041086	.598209
.360707	.041084	.598209
.360708	.041083	.598209
.360709	.041082	.598209
.360710	.041081	.598209
.360710	.041081	.598209
.360711	.041080	.598209
.360712	.041078	.598209
.360713	.041078	.598209
.360713	.041078	.598209
.360713	.041078	.598209
.360714	.041077	.598209
.360715	.041076	.598210
.360716	.041075	.598210
.360716	.041074	.598210
.360717	.041073	.598210
.360717	.041073	.598210
.360719	.041072	.598210
.360720	.041070	.598210
.360722	.041068	.598210
.360724	.041065	.598210
.360726	.041063	.598210
.360728	.041062	.598210
.360728	.041062	.598210
.360728	.041061	.598211
.360730	.041060	.598211
.360730	.041059	.598211
.360731	.041058	.598211
.360732	.041057	.598211
.360734	.041055	.598211
.360736	.041053	.598211
.360737	.041051	.598211
.360738	.041051	.598211
.360739	.041050	.598211
.360740	.041049	.598211
.360741	.041047	.598212
.360743	.041046	.598212
.360744	.041044	.598212
.360746	.041042	.598212
.360746	.041042	.598212
.360748	.041040	.598212
.360749	.041039	.598212
.360750	.041038	.598212
.360750	.041037	.598212
.360751	.041036	.598212
.360753	.041035	.598212
.360754	.041034	.598212
.360755	.041033	.598213
.360756	.041032	.598213
.360757	.041031	.598213
.360759	.041028	.598213
.360760	.041027	.598213
.360761	.041026	.598213
.360762	.041025	.598213
.360763	.041024	.598213
.360764	.041023	.598213
.360765	.041022	.598213
.360767	.041020	.598213
.360767	.041019	.598214
.360768	.041018	.598214
.360769	.041017	.598214
.360770	.041016	.598214
.360770	.041016	.598214
.360771	.041015	.598214
.360773	.041013	.598214
.360774	.041012	.598214
.360774	.041012	.598214
.360775	.041011	.598214
.360776	.041010	.598214
.360777	.041009	.598214
.360777	.041009	.598214
.360778	.041008	.598214
.360779	.041007	.598214
.360780	.041006	.598214
.360781	.041004	.598215
.360782	.041003	.598215
.360783	.041002	.598215
.360784	.041001	.598215
.360785	.041001	.598215
.360786	.041000	.598215
.360786	.040999	.598215
.360787	.040998	.598215
.360789	.040996	.598215
.360790	.040995	.598215
.360790	.040995	.598215
.360791	.040994	.598215
.360791	.040993	.598215
.360792	.040993	.598215
.360792	.040992	.598215
.360794	.040991	.598215
.360794	.040990	.598216
.360795	.040990	.598216
.360796	.040988	.598216
.360797	.040988	.598216
.360798	.040987	.598216
.360798	.040986	.598216
.360799	.040985	.598216
.360800	.040984	.598216
.360801	.040982	.598216
.360802	.040981	.598216
.360803	.040981	.598216
.360804	.040980	.598216
.360805	.040979	.598216
.360805	.040978	.598216
.360806	.040978	.598216
.360807	.040976	.598217
.360807	.040976	.598217
.360809	.040975	.598217
.360810	.040974	.598217
.360811	.040972	.598217
.360812	.040971	.598217
.360814	.040969	.598217
.360815	.040968	.598217
.360816	.040967	.598217
.360816	.040967	.598217
.360817	.040966	.598217
.360818	.040965	.598217
.360819	.040964	.598217
.360820	.040963	.598217
.360821	.040962	.598218
.360821	.040961	.598218
.360822	.040961	.598218
.360823	.040960	.598218
.360823	.040959	.598218
.360824	.040958	.598218
.360826	.040956	.598218
.360829	.040953	.598218
.360829	.040952	.598218
.360830	.040952	.598218
.360831	.040951	.598218
.360832	.040950	.598218
.360833	.040949	.598218
.360834	.040948	.598219
.360835	.040946	.598219
.360835	.040946	.598219
.360836	.040945	.598219
.360836	.040945	.598219
.360837	.040944	.598219
.360837	.040944	.598219
.360838	.040943	.598219
.360838	.040943	.598219
.360839	.040942	.598219
.360839	.040942	.598219
.360839	.040942	.598219
.360840	.040941	.598219
.360841	.040940	.598219
.360842	.040939	.598219
.360842	.040938	.598219
.360843	.040938	.598219
.360844	.040937	.598219
.360844	.040936	.598219
.360845	.040936	.598219
.360845	.040936	.598219
.360847	.040934	.598220
.360847	.040933	.598220
.360849	.040932	.598220
.360851	.040930	.598220
.360851	.040929	.598220
.360852	.040928	.598220
.360853	.040927	.598220
.360854	.040926	.598220
.360855	.040925	.598220
.360857	.040923	.598220
.360858	.040922	.598220
.360858	.040921	.598220
.360860	.040920	.598221
.360860	.040919	.598221
.360861	.040918	.598221
.360862	.040917	.598221
.360862	.040917	.598221
.360863	.040916	.598221
.360863	.040916	.598221
.360865	.040914	.598221
.360866	.040913	.598221
.360867	.040912	.598221
.360867	.040911	.598221
.360868	.040911	.598221
.360869	.040910	.598221
.360869	.040910	.598221
.360870	.040908	.598221
.360872	.040906	.598221
.360874	.040905	.598222
.360874	.040904	.598222
.360875	.040903	.598222
.360877	.040902	.598222
.360877	.040901	.598222
.360877	.040901	.598222
.360878	.040900	.598222
.360879	.040899	.598222
.360879	.040899	.598222
.360880	.040898	.598222
.360881	.040896	.598222
.360883	.040895	.598222
.360883	.040894	.598222
.360884	.040893	.598222
.360885	.040893	.598222
.360887	.040891	.598223
.360887	.040891	.598223
.360887	.040890	.598223
.360888	.040889	.598223
.360889	.040889	.598223
.360890	.040887	.598223
.360891	.040886	.598223
.360893	.040884	.598223
.360893	.040884	.598223
.360893	.040884	.598223
.360893	.040884	.598223
.360895	.040882	.598223
.360895	.040881	.598223
.360896	.040881	.598223
.360896	.040881	.598223
.360897	.040880	.598223
.360897	.040879	.598223
.360898	.040878	.598223
.360899	.040878	.598223
.360899	.040877	.598224
.360901	.040876	.598224
.360901	.040876	.598224
.360901	.040876	.598224
.360902	.040875	.598224
.360903	.040873	.598224
.360904	.040872	.598224
.360906	.040870	.598224
.360907	.040869	.598224
.360907	.040869	.598224
.360908	.040868	.598224
.360908	.040868	.598224
.360909	.040866	.598224
.360910	.040866	.598224
.360911	.040865	.598224
.360911	.040865	.598224
.360911	.040864	.598224
.360912	.040864	.598224
.360912	.040863	.598225
.360913	.040863	.598225
.360913	.040862	.598225
.360914	.040862	.598225
.360914	.040861	.598225
.360916	.040860	.598225
.360917	.040859	.598225
.360917	.040858	.598225
.360918	.040858	.598225
.360919	.040856	.598225
.360919	.040856	.598225
.360920	.040855	.598225
.360921	.040854	.598225
.360921	.040853	.598225
.360922	.040853	.598225
.360922	.040852	.598225
.360924	.040851	.598225
.360924	.040850	.598225
.360925	.040850	.598225
.360925	.040850	.598225
.360926	.040848	.598226
.360927	.040847	.598226
.360927	.040847	.598226
.360928	.040846	.598226
.360928	.040846	.598226
.360929	.040845	.598226
.360930	.040844	.598226
.360931	.040843	.598226
.360932	.040842	.598226
.360934	.040840	.598226
.360935	.040839	.598226
.360936	.040838	.598226
.360937	.040837	.598226
.360938	.040836	.598226
.360938	.040835	.598227
.360939	.040835	.598227
.360940	.040834	.598227
.360940	.040833	.598227
.360941	.040832	.598227
.360942	.040831	.598227
.360942	.040831	.598227
.360943	.040830	.598227
.360944	.040829	.598227
.360945	.040828	.598227
.360945	.040828	.598227
.360947	.040826	.598227
.360947	.040826	.598227
.360947	.040826	.598227
.360948	.040824	.598227
.360949	.040824	.598227
.360949	.040823	.598227
.360950	.040823	.598227
.360951	.040822	.598227
.360951	.040821	.598228
.360952	.040821	.598228
.360952	.040820	.598228
.360953	.040819	.598228
.360953	.040819	.598228
.360954	.040818	.598228
.360956	.040816	.598228
.360956	.040816	.598228
.360956	.040816	.598228
.360956	.040816	.598228
.360957	.040815	.598228
.360958	.040815	.598228
.360958	.040814	.598228
.360958	.040814	.598228
.360958	.040814	.598228
.360959	.040813	.598228
.360959	.040813	.598228
.360959	.040813	.598228
.360960	.040812	.598228
.360961	.040810	.598228
.360962	.040809	.598228
.360963	.040809	.598228
.360963	.040809	.598228
.360963	.040808	.598228
.360964	.040807	.598229
.360965	.040806	.598229
.360966	.040806	.598229
.360966	.040805	.598229
.360967	.040804	.598229
.360967	.040804	.598229
.360968	.040803	.598229
.360968	.040803	.598229
.360969	.040802	.598229
.360969	.040802	.598229
.360969	.040802	.598229
.360970	.040801	.598229
.360970	.040801	.598229
.360971	.040800	.598229
.360971	.040800	.598229
.360972	.040799	.598229
.360972	.040799	.598229
.360972	.040799	.598229
.360973	.040798	.598229
.360973	.040798	.598229
.360974	.040796	.598229
.360976	.040795	.598229
.360977	.040794	.598229
.360977	.040793	.598229
.360978	.040793	.598230
.360978	.040792	.598230
.360979	.040792	.598230
.360979	.040791	.598230
.360980	.040790	.598230
.360981	.040789	.598230
.360982	.040788	.598230
.360983	.040787	.598230
.360984	.040786	.598230
.360985	.040785	.598230
.360985	.040785	.598230
.360986	.040783	.598230
.360987	.040782	.598230
.360988	.040782	.598230
.360988	.040782	.598230
.360989	.040781	.598230
.360989	.040780	.598230
.360990	.040780	.598230
.360990	.040780	.598230
.360991	.040779	.598231
.360991	.040779	.598231
.360991	.040779	.598231
.360992	.040778	.598231
.360992	.040777	.598231
.360992	.040777	.598231
.360993	.040777	.598231
.360993	.040776	.598231
.360993	.040776	.598231
.360994	.040775	.598231
.360996	.040773	.598231
.360998	.040771	.598231
.360999	.040770	.598231
.361000	.040768	.598231
.361001	.040767	.598231
.361002	.040767	.598231
.361002	.040766	.598231
.361002	.040766	.598231
.361003	.040765	.598231
.361003	.040765	.598231
.361004	.040765	.598231
.361005	.040764	.598232
.361006	.040762	.598232
.361006	.040762	.598232
.361006	.040762	.598232
.361007	.040762	.598232
.361007	.040761	.598232
.361008	.040760	.598232
.361009	.040760	.598232
.361009	.040759	.598232
.361010	.040758	.598232
.361011	.040757	.598232
.361012	.040756	.598232
.361013	.040754	.598232
.361014	.040753	.598232
.361015	.040753	.598232
.361015	.040753	.598232
.361016	.040752	.598232
.361017	.040751	.598232
.361018	.040750	.598233
.361018	.040749	.598233
.361019	.040749	.598233
.361019	.040748	.598233
.361020	.040747	.598233
.361022	.040745	.598233
.361022	.040745	.598233
.361023	.040744	.598233
.361024	.040742	.598233
.361025	.040742	.598233
.361025	.040741	.598233
.361026	.040741	.598233
.361026	.040741	.598233
.361026	.040741	.598233
.361026	.040741	.598233
.361026	.040741	.598233
.361027	.040740	.598233
.361028	.040739	.598233
.361028	.040738	.598233
.361029	.040738	.598233
.361029	.040737	.598233
.361030	.040737	.598233
.361030	.040736	.598234
.361031	.040735	.598234
.361032	.040735	.598234
.361032	.040734	.598234
.361032	.040734	.598234
.361033	.040733	.598234
.361033	.040733	.598234
.361034	.040732	.598234
.361035	.040731	.598234
.361036	.040730	.598234
.361037	.040729	.598234
.361037	.040729	.598234
.361038	.040728	.598234
.361038	.040728	.598234
.361038	.040728	.598234
.361039	.040727	.598234
.361039	.040727	.598234
.361040	.040726	.598234
.361040	.040726	.598234
.361040	.040726	.598234
.361041	.040725	.598234
.361042	.040724	.598234
.361042	.040724	.598234
.361043	.040723	.598234
.361043	.040723	.598234
.361044	.040722	.598235
.361045	.040720	.598235
.361046	.040720	.598235
.361046	.040719	.598235
.361047	.040718	.598235
.361048	.040717	.598235
.361049	.040717	.598235
.361049	.040716	.598235
.361050	.040715	.598235
.361051	.040714	.598235
.361051	.040714	.598235
.361052	.040713	.598235
.361053	.040712	.598235
.361053	.040712	.598235
.361054	.040711	.598235
.361055	.040710	.598235
.361055	.040709	.598235
.361056	.040708	.598235
.361057	.040708	.598236
.361057	.040707	.598236
.361058	.040706	.598236
.361058	.040706	.598236
.361058	.040706	.598236
.361059	.040705	.598236
.361061	.040704	.598236
.361061	.040703	.598236
.361062	.040702	.598236
.361062	.040702	.598236
.361063	.040701	.598236
.361063	.040701	.598236
.361064	.040700	.598236
.361064	.040700	.598236
.361064	.040700	.598236
.361064	.040700	.598236
.361064	.040700	.598236
.361064	.040699	.598236
.361065	.040699	.598236
.361065	.040698	.598236
.361066	.040698	.598236
.361066	.040698	.598236
.361067	.040697	.598236
.361068	.040696	.598236
.361068	.040695	.598236
.361070	.040694	.598237
.361070	.040694	.598237
.361070	.040693	.598237
.361071	.040692	.598237
.361072	.040692	.598237
.361072	.040691	.598237
.361073	.040691	.598237
.361073	.040690	.598237
.361074	.040689	.598237
.361075	.040688	.598237
.361075	.040688	.598237
.361075	.040688	.598237
.361076	.040687	.598237
.361077	.040686	.598237
.361078	.040685	.598237
.361079	.040684	.598237
.361079	.040684	.598237
.361080	.040683	.598237
.361082	.040681	.598237
.361083	.040680	.598238
.361083	.040679	.598238
.361084	.040678	.598238
.361085	.040678	.598238
.361085	.040677	.598238
.361085	.040677	.598238
.361086	.040677	.598238
.361087	.040676	.598238
.361087	.040675	.598238
.361088	.040674	.598238
.361088	.040674	.598238
.361088	.040674	.598238
.361089	.040673	.598238
.361090	.040672	.598238
.361091	.040671	.598238
.361091	.040671	.598238
.361092	.040669	.598238
.361093	.040668	.598238
.361094	.040668	.598238
.361094	.040668	.598238
.361095	.040667	.598238
.361095	.040667	.598238
.361095	.040667	.598238
.361095	.040667	.598238
.361095	.040667	.598238
.361095	.040666	.598238
.361096	.040666	.598238
.361097	.040665	.598239
.361097	.040664	.598239
.361098	.040663	.598239
.361098	.040663	.598239
.361099	.040662	.598239
.361099	.040662	.598239
.361100	.040661	.598239
.361100	.040661	.598239
.361100	.040661	.598239
.361101	.040660	.598239
.361101	.040660	.598239
.361102	.040659	.598239
.361102	.040659	.598239
.361103	.040658	.598239
.361103	.040658	.598239
.361104	.040657	.598239
.361105	.040656	.598239
.361105	.040656	.598239
.361105	.040656	.598239
.361105	.040656	.598239
.361105	.040656	.598239
.361105	.040655	.598239
.361106	.040655	.598239
.361107	.040654	.598239
.361107	.040654	.598239
.361109	.040652	.598239
.361109	.040651	.598240
.361111	.040650	.598240
.361111	.040650	.598240
.361112	.040648	.598240
.361113	.040647	.598240
.361114	.040647	.598240
.361115	.040645	.598240
.361115	.040645	.598240
.361116	.040644	.598240
.361116	.040644	.598240
.361117	.040643	.598240
.361117	.040642	.598240
.361118	.040642	.598240
.361119	.040641	.598240
.361119	.040641	.598240
.361119	.040641	.598240
.361119	.040640	.598240
.361120	.040640	.598240
.361121	.040639	.598240
.361121	.040638	.598240
.361122	.040638	.598240
.361122	.040637	.598241
.361122	.040637	.598241
.361123	.040636	.598241
.361124	.040636	.598241
.361124	.040635	.598241
.361125	.040634	.598241
.361125	.040634	.598241
.361125	.040634	.598241
.361126	.040633	.598241
.361126	.040633	.598241
.361127	.040632	.598241
.361127	.040632	.598241
.361128	.040631	.598241
.361128	.040631	.598241
.361128	.040631	.598241
.361129	.040630	.598241
.361130	.040629	.598241
.361130	.040629	.598241
.361131	.040628	.598241
.361131	.040628	.598241
.361132	.040627	.598241
.361133	.040626	.598241
.361133	.040625	.598241
.361134	.040624	.598241
.361135	.040624	.598241
.361135	.040624	.598241
.361135	.040623	.598241
.361136	.040623	.598242
.361136	.040622	.598242
.361137	.040622	.598242
.361137	.040622	.598242
.361138	.040621	.598242
.361138	.040620	.598242
.361139	.040619	.598242
.361140	.040618	.598242
.361141	.040617	.598242
.361141	.040617	.598242
.361141	.040617	.598242
.361141	.040617	.598242
.361142	.040616	.598242
.361142	.040616	.598242
.361142	.040616	.598242
.361143	.040615	.598242
.361143	.040615	.598242
.361144	.040614	.598242
.361144	.040614	.598242
.361144	.040614	.598242
.361144	.040614	.598242
.361144	.040614	.598242
.361145	.040613	.598242
.361146	.040612	.598242
.361147	.040611	.598242
.361147	.040611	.598242
.361148	.040610	.598242
.361148	.040610	.598242
.361148	.040610	.598242
.361148	.040609	.598242
.361150	.040608	.598243
.361150	.040607	.598243
.361151	.040607	.598243
.361151	.040606	.598243
.361153	.040605	.598243
.361153	.040605	.598243
.361154	.040604	.598243
.361155	.040602	.598243
.361155	.040602	.598243
.361155	.040602	.598243
.361155	.040602	.598243
.361156	.040601	.598243
.361156	.040601	.598243
.361157	.040600	.598243
.361157	.040599	.598243
.361157	.040599	.598243
.361158	.040598	.598243
.361159	.040597	.598243
.361159	.040597	.598243
.361159	.040597	.598243
.361159	.040597	.598243
.361160	.040597	.598243
.361160	.040597	.598243
.361160	.040597	.598243
.361161	.040596	.598243
.361161	.040596	.598243
.361162	.040595	.598244
.361163	.040594	.598244
.361163	.040593	.598244
.361164	.040593	.598244
.361164	.040592	.598244
.361165	.040591	.598244
.361166	.040590	.598244
.361166	.040590	.598244
.361166	.040590	.598244
.361167	.040589	.598244
.361167	.040589	.598244
.361168	.040588	.598244
.361169	.040587	.598244
.361170	.040586	.598244
.361170	.040586	.598244
.361171	.040585	.598244
.361171	.040585	.598244
.361171	.040585	.598244
.361171	.040585	.598244
.361172	.040584	.598244
.361172	.040584	.598244
.361173	.040583	.598244
.361173	.040583	.598244
.361173	.040583	.598244
.361173	.040582	.598244
.361174	.040582	.598244
.361174	.040581	.598244
.361175	.040580	.598245
.361176	.040580	.598245
.361176	.040579	.598245
.361177	.040578	.598245
.361178	.040578	.598245
.361178	.040577	.598245
.361178	.040577	.598245
.361180	.040575	.598245
.361180	.040575	.598245
.361180	.040575	.598245
.361181	.040574	.598245
.361182	.040573	.598245
.361182	.040573	.598245
.361182	.040573	.598245
.361182	.040573	.598245
.361182	.040572	.598245
.361183	.040572	.598245
.361183	.040572	.598245
.361184	.040571	.598245
.361184	.040571	.598245
.361185	.040570	.598245
.361185	.040570	.598245
.361186	.040569	.598245
.361186	.040568	.598245
.361187	.040568	.598245
.361187	.040567	.598245
.361188	.040567	.598246
.361188	.040566	.598246
.361189	.040565	.598246
.361190	.040565	.598246
.361190	.040564	.598246
.361191	.040564	.598246
.361191	.040563	.598246
.361192	.040562	.598246
.361193	.040562	.598246
.361193	.040561	.598246
.361193	.040561	.598246
.361194	.040560	.598246
.361194	.040560	.598246
.361195	.040559	.598246
.361195	.040559	.598246
.361196	.040558	.598246
.361196	.040558	.598246
.361196	.040558	.598246
.361198	.040556	.598246
.361198	.040555	.598246
.361199	.040555	.598246
.361199	.040555	.598246
.361200	.040554	.598246
.361201	.040553	.598246
.361201	.040553	.598247
.361201	.040553	.598247
.361202	.040552	.598247
.361202	.040551	.598247
.361203	.040551	.598247
.361204	.040549	.598247
.361204	.040549	.598247
.361205	.040549	.598247
.361206	.040547	.598247
.361207	.040546	.598247
.361207	.040546	.598247
.361207	.040546	.598247
.361208	.040545	.598247
.361208	.040545	.598247
.361208	.040545	.598247
.361209	.040544	.598247
.361209	.040544	.598247
.361209	.040543	.598247
.361210	.040542	.598247
.361210	.040542	.598247
.361211	.040542	.598247
.361211	.040541	.598247
.361212	.040540	.598247
.361212	.040540	.598247
.361213	.040539	.598247
.361213	.040539	.598247
.361214	.040539	.598247
.361214	.040538	.598248
.361214	.040538	.598248
.361215	.040537	.598248
.361216	.040536	.598248
.361216	.040536	.598248
.361217	.040535	.598248
.361217	.040535	.598248
.361218	.040534	.598248
.361218	.040534	.598248
.361218	.040534	.598248
.361219	.040533	.598248
.361220	.040532	.598248
.361220	.040532	.598248
.361221	.040531	.598248
.361222	.040530	.598248
.361222	.040530	.598248
.361223	.040529	.598248
.361223	.040529	.598248
.361223	.040528	.598248
.361223	.040528	.598248
.361224	.040528	.598248
.361224	.040528	.598248
.361224	.040527	.598248
.361225	.040526	.598248
.361225	.040526	.598248
.361226	.040526	.598248
.361226	.040526	.598248
.361227	.040525	.598248
.361227	.040524	.598249
.361228	.040524	.598249
.361228	.040523	.598249
.361230	.040522	.598249
.361230	.040521	.598249
.361230	.040521	.598249
.361230	.040521	.598249
.361231	.040520	.598249
.361232	.040519	.598249
.361233	.040518	.598249
.361233	.040518	.598249
.361233	.040518	.598249
.361234	.040517	.598249
.361235	.040516	.598249
.361235	.040516	.598249
.361236	.040515	.598249
.361237	.040514	.598249
.361237	.040514	.598249
.361238	.040513	.598249
.361238	.040513	.598249
.361238	.040513	.598249
.361238	.040512	.598249
.361238	.040512	.598249
.361239	.040512	.598249
.361239	.040511	.598249
.361240	.040511	.598249
.361240	.040511	.598249
.361240	.040510	.598250
.361241	.040510	.598250
.361241	.040509	.598250
.361241	.040509	.598250
.361242	.040509	.598250
.361242	.040509	.598250
.361243	.040508	.598250
.361243	.040507	.598250
.361243	.040507	.598250
.361244	.040507	.598250
.361245	.040505	.598250
.361246	.040504	.598250
.361247	.040503	.598250
.361247	.040503	.598250
.361248	.040502	.598250



 Closed   0


.361248	.040502	.598250
.101020	.067579	.831401
.096976	.064876	.838149
.096488	.064551	.838961
.089166	.059654	.851180
.092353	.061787	.845860
.095355	.063797	.840849
.089488	.059873	.850639
.096304	.064435	.839260
.090367	.060463	.849170
.086207	.057682	.856111
.090956	.060860	.848184
.095385	.063824	.840791
.090912	.060832	.848256
.086691	.058008	.855301
.085742	.057374	.856884
.086669	.057995	.855336
.086145	.057646	.856209
.085482	.057204	.857314
.085474	.057199	.857328
.085468	.057196	.857336
.085464	.057193	.857343
.085459	.057190	.857351
.085449	.057184	.857367
.085441	.057180	.857378
.085435	.057176	.857389
.085427	.057172	.857400
.085420	.057168	.857412
.085416	.057166	.857418
.085408	.057161	.857431
.085400	.057157	.857443
.085393	.057152	.857455
.085384	.057147	.857469
.085381	.057145	.857474
.085374	.057142	.857484
.085365	.057137	.857498
.085362	.057135	.857503
.085357	.057132	.857511
.085356	.057131	.857513
.085351	.057128	.857521
.085345	.057125	.857530
.085341	.057123	.857537
.085333	.057118	.857548
.085328	.057115	.857557
.085323	.057112	.857565
.085318	.057110	.857573
.085316	.057108	.857576
.085308	.057104	.857588
.085305	.057102	.857593
.085301	.057100	.857599
.085296	.057097	.857607
.085288	.057092	.857620
.085285	.057091	.857624
.085279	.057088	.857633
.085275	.057085	.857641
.085268	.057081	.857651
.085263	.057078	.857659
.085259	.057076	.857666
.085255	.057074	.857671
.085253	.057072	.857675
.085248	.057070	.857682
.085245	.057068	.857687
.085240	.057065	.857695
.085235	.057062	.857703
.085231	.057060	.857709
.085229	.057059	.857712
.085227	.057057	.857716
.085221	.057054	.857725
.085217	.057052	.857730
.085212	.057049	.857739
.085209	.057047	.857744
.085207	.057046	.857747
.085205	.057045	.857749
.085201	.057043	.857756
.085197	.057040	.857763
.085193	.057038	.857768
.085192	.057038	.857770
.085189	.057036	.857775
.085183	.057032	.857785
.085182	.057032	.857786
.085177	.057029	.857794
.085175	.057028	.857797
.085172	.057026	.857803
.085169	.057024	.857807
.085165	.057022	.857813
.085161	.057020	.857819
.085158	.057018	.857824
.085155	.057016	.857829
.085152	.057015	.857833
.085149	.057013	.857838
.085144	.057010	.857845
.085143	.057010	.857847
.085138	.057007	.857856
.085134	.057005	.857861
.085130	.057002	.857868
.085127	.057001	.857872
.085126	.057000	.857873
.085122	.056998	.857881
.085118	.056996	.857886
.085114	.056993	.857892
.085111	.056991	.857898
.085105	.056988	.857907
.085101	.056986	.857913
.085099	.056985	.857916
.085093	.056981	.857925
.085091	.056980	.857929
.085089	.056979	.857933
.085086	.056977	.857937
.085082	.056975	.857943
.085079	.056973	.857947
.085075	.056971	.857954
.085070	.056968	.857962
.085067	.056966	.857967
.085066	.056966	.857968
.085062	.056963	.857975
.085058	.056961	.857981
.085055	.056959	.857986
.085052	.056957	.857991
.085047	.056955	.857998
.085044	.056953	.858003
.085040	.056951	.858009
.085038	.056950	.858012
.085038	.056949	.858013
.085036	.056949	.858015
.085032	.056946	.858022
.085026	.056943	.858032
.085021	.056940	.858040
.085018	.056938	.858044
.085016	.056937	.858047
.085013	.056935	.858051
.085010	.056934	.858056
.085007	.056932	.858061
.085005	.056931	.858065
.085002	.056929	.858069
.084999	.056928	.858073
.084995	.056925	.858079
.084991	.056923	.858085
.084988	.056921	.858091
.084988	.056921	.858091
.084987	.056920	.858093
.084986	.056920	.858094
.084984	.056919	.858097
.084982	.056918	.858100
.084979	.056916	.858105
.084976	.056914	.858109
.084972	.056912	.858116
.084970	.056911	.858120
.084968	.056910	.858122
.084966	.056909	.858125
.084964	.056908	.858128
.084962	.056906	.858132
.084960	.056905	.858135
.084957	.056903	.858140
.084953	.056901	.858147
.084951	.056900	.858150
.084949	.056899	.858153
.084945	.056896	.858159
.084943	.056895	.858161
.084941	.056894	.858165
.084937	.056892	.858171
.084935	.056891	.858174
.084933	.056889	.858178
.084929	.056887	.858184
.084927	.056886	.858186
.084926	.056886	.858188
.084922	.056883	.858194
.084922	.056883	.858195
.084919	.056882	.858200
.084918	.056881	.858201
.084912	.056878	.858210
.084911	.056877	.858212
.084907	.056875	.858218
.084906	.056874	.858220
.084905	.056874	.858221
.084903	.056873	.858224
.084900	.056871	.858229
.084896	.056868	.858236
.084893	.056867	.858240
.084890	.056865	.858245
.084888	.056864	.858248
.084885	.056862	.858253
.084882	.056860	.858257
.084881	.056860	.858260
.084878	.056858	.858264
.084876	.056857	.858267
.084873	.056855	.858272
.084872	.056855	.858273
.084870	.056853	.858277
.084867	.056852	.858281
.084865	.056851	.858284
.084863	.056850	.858287
.084863	.056850	.858287
.084860	.056848	.858293
.084859	.056847	.858294
.084856	.056845	.858299
.084852	.056843	.858305
.084850	.056842	.858308
.084848	.056841	.858311
.084843	.056838	.858319
.084840	.056836	.858324
.084838	.056835	.858327
.084836	.056834	.858330
.084834	.056833	.858333
.084832	.056832	.858336
.084832	.056832	.858336
.084826	.056829	.858345
.084825	.056828	.858347
.084824	.056827	.858348
.084822	.056826	.858353
.084819	.056824	.858357
.084816	.056823	.858361
.084814	.056822	.858364
.084812	.056821	.858367
.084808	.056818	.858374
.084808	.056818	.858374
.084805	.056817	.858378
.084805	.056817	.858378
.084803	.056815	.858381
.084802	.056815	.858384
.084801	.056814	.858385
.084797	.056812	.858391
.084795	.056810	.858395
.084793	.056809	.858398
.084789	.056807	.858404
.084786	.056806	.858408
.084782	.056803	.858415
.084780	.056802	.858418
.084778	.056801	.858422
.084774	.056799	.858427
.084772	.056797	.858431
.084770	.056796	.858434
.084768	.056795	.858436
.084766	.056794	.858439
.084765	.056794	.858441
.084763	.056792	.858444
.084760	.056791	.858450
.084758	.056789	.858453
.084755	.056788	.858457
.084753	.056786	.858461
.084749	.056784	.858467
.084745	.056782	.858472
.084743	.056781	.858476
.084740	.056779	.858481
.084737	.056778	.858486
.084736	.056777	.858488
.084732	.056775	.858494
.084728	.056772	.858500
.084727	.056772	.858501
.084724	.056770	.858505
.084721	.056769	.858510
.084717	.056766	.858516
.084715	.056765	.858520
.084714	.056764	.858522
.084711	.056763	.858526
.084708	.056761	.858531
.084707	.056761	.858532
.084706	.056760	.858534
.084705	.056760	.858535
.084705	.056759	.858536
.084704	.056758	.858538
.084702	.056758	.858540
.084700	.056756	.858544
.084698	.056755	.858547
.084696	.056754	.858550
.084692	.056752	.858557
.084690	.056751	.858559
.084688	.056749	.858563
.084685	.056748	.858567
.084683	.056746	.858571
.084681	.056745	.858574
.084676	.056743	.858581
.084675	.056742	.858583
.084673	.056741	.858586
.084670	.056739	.858591
.084668	.056738	.858594
.084666	.056737	.858598
.084664	.056736	.858600
.084663	.056735	.858602
.084660	.056733	.858607
.084659	.056733	.858608
.084656	.056731	.858613
.084654	.056730	.858616
.084652	.056729	.858619
.084648	.056727	.858625
.084648	.056727	.858625
.084648	.056727	.858625
.084647	.056726	.858628
.084646	.056726	.858629
.084645	.056725	.858630
.084641	.056723	.858636
.084641	.056723	.858637
.084638	.056721	.858641
.084638	.056721	.858641
.084636	.056720	.858645
.084631	.056717	.858652
.084629	.056716	.858655
.084627	.056715	.858658
.084626	.056714	.858659
.084622	.056712	.858665
.084620	.056711	.858669
.084618	.056709	.858673
.084617	.056709	.858675
.084613	.056707	.858680
.084611	.056706	.858683
.084609	.056705	.858686
.084607	.056703	.858689
.084604	.056702	.858694
.084603	.056701	.858696
.084602	.056700	.858698
.084598	.056698	.858703
.084597	.056697	.858706
.084596	.056697	.858708
.084594	.056696	.858710
.084594	.056696	.858711
.084591	.056694	.858715
.084590	.056693	.858717
.084589	.056693	.858719
.084585	.056690	.858725
.084583	.056689	.858728
.084580	.056688	.858732
.084579	.056687	.858733
.084578	.056687	.858735
.084576	.056686	.858738
.084573	.056684	.858743
.084570	.056682	.858748
.084566	.056680	.858754
.084563	.056678	.858759
.084561	.056677	.858762
.084560	.056676	.858764
.084558	.056675	.858767
.084555	.056674	.858771
.084553	.056672	.858775
.084552	.056672	.858776
.084549	.056670	.858780
.084547	.056669	.858783
.084545	.056668	.858786
.084544	.056667	.858790
.084543	.056667	.858791
.084542	.056666	.858792
.084542	.056666	.858793
.084540	.056665	.858796
.084536	.056663	.858801
.084534	.056662	.858804
.084534	.056661	.858805
.084533	.056661	.858806
.084532	.056660	.858808
.084530	.056659	.858811
.084527	.056657	.858816
.084524	.056656	.858820
.084521	.056654	.858825
.084517	.056652	.858830
.084514	.056650	.858836
.084512	.056649	.858840
.084510	.056648	.858843
.084507	.056646	.858847
.084506	.056646	.858848
.084506	.056645	.858849
.084504	.056645	.858851
.084504	.056644	.858852
.084502	.056643	.858855
.084499	.056642	.858859
.084498	.056641	.858861
.084497	.056640	.858863
.084496	.056640	.858864
.084496	.056640	.858864
.084493	.056638	.858868
.084491	.056637	.858871
.084491	.056637	.858871
.084489	.056636	.858875
.084489	.056636	.858875
.084486	.056634	.858881
.084484	.056633	.858884
.084482	.056632	.858886
.084480	.056631	.858889
.084478	.056630	.858892
.084476	.056628	.858896
.084475	.056628	.858897
.084473	.056626	.858901
.084471	.056626	.858903
.084471	.056625	.858904
.084469	.056625	.858906
.084469	.056624	.858907
.084467	.056623	.858909
.084467	.056623	.858909
.084467	.056623	.858910
.084465	.056622	.858913
.084462	.056620	.858917
.084462	.056620	.858918
.084460	.056619	.858920
.084460	.056619	.858920
.084458	.056618	.858925
.084456	.056617	.858927
.084454	.056616	.858931
.084453	.056615	.858932
.084452	.056615	.858933
.084450	.056614	.858936
.084449	.056613	.858939
.084447	.056612	.858942
.084444	.056610	.858946
.084443	.056609	.858948
.084442	.056609	.858949
.084440	.056608	.858952
.084437	.056606	.858956
.084437	.056606	.858957
.084436	.056605	.858959
.084434	.056604	.858962
.084431	.056603	.858966
.084428	.056601	.858970
.084426	.056600	.858974
.084424	.056599	.858978
.084421	.056597	.858982
.084420	.056596	.858984
.084419	.056596	.858986
.084417	.056595	.858988
.084416	.056594	.858990
.084414	.056593	.858993
.084413	.056592	.858995
.084412	.056591	.858997
.084411	.056591	.858998
.084408	.056589	.859003
.084406	.056588	.859005
.084404	.056587	.859008
.084403	.056587	.859010
.084402	.056586	.859011
.084402	.056586	.859012
.084400	.056585	.859014
.084397	.056583	.859019
.084396	.056583	.859021
.084395	.056582	.859024
.084393	.056581	.859026
.084389	.056579	.859032
.084388	.056578	.859034
.084388	.056578	.859034
.084386	.056577	.859037
.084384	.056576	.859040
.084382	.056575	.859043
.084382	.056574	.859044
.084382	.056574	.859044
.084380	.056574	.859046
.084379	.056573	.859048
.084378	.056572	.859050
.084377	.056572	.859051
.084376	.056571	.859053
.084375	.056571	.859054
.084374	.056570	.859056
.084373	.056570	.859057
.084373	.056569	.859058
.084371	.056568	.859060
.084371	.056568	.859061
.084371	.056568	.859061
.084369	.056567	.859063
.084369	.056567	.859063
.084369	.056567	.859064
.084368	.056567	.859065
.084367	.056566	.859067
.084365	.056565	.859069
.084364	.056564	.859071
.084364	.056564	.859071
.084362	.056563	.859075
.084360	.056562	.859078
.084359	.056561	.859080
.084356	.056560	.859085
.084355	.056559	.859086
.084353	.056558	.859089
.084353	.056558	.859089
.084351	.056557	.859092
.084349	.056556	.859096
.084347	.056555	.859098
.084346	.056554	.859100
.084345	.056554	.859101
.084345	.056553	.859102
.084343	.056552	.859105
.084342	.056552	.859106
.084340	.056550	.859110
.084338	.056549	.859113
.084336	.056548	.859115
.084335	.056548	.859117
.084333	.056547	.859120
.084331	.056545	.859124
.084329	.056544	.859126
.084328	.056544	.859128
.084327	.056543	.859130
.084327	.056543	.859130
.084325	.056542	.859134
.084323	.056541	.859136
.084323	.056541	.859137
.084321	.056540	.859139
.084319	.056538	.859143
.084318	.056538	.859145
.084317	.056537	.859146
.084316	.056537	.859148
.084314	.056536	.859150
.084313	.056535	.859152
.084311	.056534	.859155
.084310	.056533	.859157
.084308	.056533	.859159
.084306	.056531	.859163
.084305	.056530	.859165
.084304	.056530	.859166
.084303	.056530	.859167
.084303	.056529	.859168
.084302	.056529	.859169
.084300	.056528	.859172
.084299	.056527	.859173
.084297	.056526	.859176
.084296	.056526	.859178
.084296	.056525	.859179
.084295	.056525	.859180
.084292	.056523	.859185
.084288	.056521	.859191
.084287	.056520	.859192
.084285	.056519	.859196
.084284	.056519	.859198
.084283	.056518	.859200
.084283	.056518	.859200
.084283	.056518	.859200
.084282	.056517	.859201
.084280	.056516	.859204
.084280	.056516	.859204
.084278	.056515	.859207
.084277	.056515	.859208
.084276	.056514	.859210
.084274	.056513	.859213
.084274	.056513	.859214
.084272	.056511	.859217
.084270	.056510	.859220
.084267	.056509	.859224
.084265	.056508	.859227
.084263	.056507	.859230
.084263	.056507	.859230
.084261	.056506	.859233
.084260	.056505	.859235
.084260	.056505	.859235
.084258	.056504	.859238
.084256	.056503	.859241
.084254	.056501	.859245
.084254	.056501	.859245
.084250	.056499	.859251
.084250	.056499	.859251
.084248	.056498	.859253
.084247	.056497	.859255
.084246	.056497	.859257
.084244	.056496	.859261
.084243	.056495	.859262
.084241	.056494	.859265
.084239	.056493	.859269
.084239	.056493	.859269
.084238	.056492	.859270
.084237	.056492	.859271
.084235	.056491	.859274
.084235	.056490	.859275
.084234	.056490	.859276
.084233	.056489	.859278
.084230	.056487	.859283
.084229	.056487	.859284
.084227	.056486	.859287
.084227	.056486	.859287
.084227	.056486	.859287
.084226	.056485	.859289
.084223	.056484	.859293
.084222	.056483	.859295
.084221	.056483	.859296
.084219	.056481	.859300
.084215	.056479	.859305
.084215	.056479	.859305
.084212	.056478	.859310
.084210	.056476	.859313
.084210	.056476	.859314
.084209	.056476	.859315
.084208	.056475	.859317
.084206	.056474	.859319
.084205	.056473	.859321
.084203	.056472	.859325
.084201	.056471	.859327
.084198	.056469	.859333
.084197	.056469	.859334
.084194	.056467	.859339
.084194	.056467	.859340
.084192	.056466	.859342
.084192	.056466	.859343
.084190	.056465	.859346
.084188	.056464	.859349
.084188	.056464	.859349
.084188	.056464	.859349
.084186	.056463	.859351
.084186	.056463	.859351
.084186	.056462	.859352
.084185	.056462	.859354
.084184	.056461	.859355
.084183	.056461	.859356
.084182	.056460	.859358
.084181	.056459	.859360
.084179	.056459	.859362
.084179	.056458	.859363
.084177	.056457	.859366
.084175	.056456	.859369
.084173	.056455	.859372
.084172	.056454	.859374
.084172	.056454	.859374
.084170	.056454	.859376
.084169	.056453	.859378
.084166	.056451	.859382
.084162	.056449	.859389
.084159	.056447	.859393
.084159	.056447	.859393
.084159	.056447	.859394
.084159	.056447	.859394
.084159	.056447	.859394
.084157	.056446	.859397
.084154	.056444	.859402
.084152	.056443	.859405
.084151	.056443	.859406
.084149	.056441	.859410
.084148	.056441	.859411
.084145	.056439	.859416
.084145	.056439	.859417
.084143	.056438	.859420
.084142	.056437	.859421
.084141	.056437	.859422
.084141	.056437	.859422
.084139	.056436	.859425
.084137	.056435	.859428
.084137	.056434	.859429
.084135	.056433	.859432
.084135	.056433	.859432
.084132	.056432	.859436
.084131	.056431	.859438
.084130	.056431	.859439
.084130	.056430	.859440
.084128	.056429	.859443
.084127	.056429	.859444
.084127	.056429	.859444
.084126	.056428	.859446
.084125	.056427	.859448
.084123	.056426	.859451
.084122	.056426	.859452
.084121	.056425	.859454
.084121	.056425	.859454
.084119	.056424	.859456
.084119	.056424	.859457
.084118	.056424	.859458
.084116	.056423	.859461
.084114	.056422	.859464
.084113	.056421	.859466
.084112	.056420	.859468
.084110	.056419	.859470
.084110	.056419	.859470
.084109	.056419	.859472
.084109	.056419	.859472
.084109	.056419	.859472
.084109	.056419	.859472
.084108	.056418	.859474
.084107	.056417	.859475
.084106	.056417	.859477
.084106	.056417	.859477
.084105	.056416	.859479
.084105	.056416	.859479
.084102	.056415	.859483
.084098	.056412	.859489
.084096	.056411	.859493
.084096	.056411	.859493
.084094	.056410	.859496
.084093	.056409	.859497
.084093	.056409	.859497
