.000000	.000000	.000000
.073054	.164230	.762717
.074216	.165567	.760217
.072089	.159812	.768099
.078375	.173073	.748552
.072269	.159087	.768644
.195289	.135684	.669028
.205361	.139268	.655371
.202521	.134859	.662620
.194385	.127164	.678452
.200003	.129165	.670832
.209958	.133806	.656235
.206898	.129395	.663707
.215312	.133270	.651418
.217146	.132596	.650258
.213081	.128964	.657955
.214649	.128362	.656989
.216051	.127824	.656125
.221274	.129814	.648912
.217598	.125690	.656711
.222207	.127314	.650478
.226719	.128607	.644674
.227805	.128208	.643987
.229146	.127715	.643139
.230730	.127133	.642137
.231771	.126750	.641479
.233184	.126231	.640585
.234827	.125628	.639545
.235576	.125352	.639072
.236318	.125080	.638602
.237543	.124630	.637827
.238510	.124274	.637215
.239587	.123879	.636534
.240179	.123661	.636160
.241353	.123230	.635417
.242280	.122889	.634830
.243198	.122552	.634250
.244220	.122177	.633604
.245118	.121847	.633035
.246117	.121479	.632403
.246668	.121277	.632055
.246996	.121157	.631847
.247758	.120877	.631365
.248082	.120758	.631160
.248941	.120442	.630617
.249261	.120324	.630415
.250108	.120013	.629879
.251051	.119667	.629282
.251571	.119476	.628953
.252600	.119098	.628302
.253313	.118836	.627851
.253919	.118613	.627468
.254821	.118282	.626898
.255515	.118027	.626458
.255811	.117918	.626271
.256301	.117738	.625961
.256594	.117630	.625776
.257177	.117416	.625407
.257659	.117239	.625102
.258139	.117063	.624799
.258805	.116818	.624377
.260028	.116368	.623603
.260494	.116197	.623309
.261141	.115960	.622899
.261966	.115657	.622378
.262601	.115423	.621976
.263141	.115225	.621634
.263856	.114962	.621182
.264211	.114832	.620957
.264388	.114767	.620845
.264741	.114637	.620622
.265441	.114380	.620179
.266135	.114125	.619740
.266480	.113998	.619522
.267079	.113778	.619143
.267674	.113559	.618767
.268180	.113373	.618446
.268516	.113250	.618234
.269182	.113005	.617813
.269843	.112762	.617395
.270335	.112582	.617083
.271228	.112254	.616518
.271871	.112017	.616112
.272429	.111812	.615759
.272904	.111638	.615458
.272983	.111609	.615408
.273062	.111580	.615359
.273532	.111407	.615061
.273845	.111292	.614863
.274078	.111206	.614716
.274465	.111064	.614471
.275080	.110838	.614082
.275310	.110754	.613936
.275766	.110586	.613648
.276295	.110392	.613313
.276671	.110254	.613076
.277044	.110117	.612839
.277193	.110062	.612745
.277711	.109872	.612417
.278006	.109763	.612231
.278810	.109468	.611722
.279244	.109308	.611447
.279389	.109255	.611356
.279605	.109176	.611220
.279963	.109044	.610993
.280248	.108939	.610812
.280745	.108757	.610498
.281167	.108602	.610231
.281448	.108499	.610053
.281518	.108473	.610009
.282075	.108268	.609657
.282420	.108141	.609438
.282696	.108040	.609264
.282833	.107990	.609177
.283107	.107889	.609004
.283311	.107814	.608875
.284056	.107540	.608404
.284392	.107417	.608191
.284859	.107245	.607895
.285257	.107099	.607644
.285521	.107002	.607477
.285719	.106930	.607352
.286046	.106809	.607144
.286112	.106785	.607103
.286437	.106665	.606897
.286762	.106546	.606692
.287084	.106428	.606488
.287148	.106404	.606447
.287405	.106310	.606285
.287788	.106169	.606043
.287916	.106122	.605962
.288169	.106029	.605802
.288422	.105936	.605642
.288611	.105867	.605522
.288862	.105775	.605363
.288925	.105752	.605324
.289050	.105706	.605245
.289237	.105637	.605126
.289547	.105523	.604930
.289856	.105409	.604734
.290103	.105319	.604578
.290287	.105251	.604462
.290409	.105206	.604385
.290714	.105094	.604192
.290836	.105049	.604115
.291139	.104938	.603923
.291501	.104805	.603694
.291741	.104717	.603542
.292218	.104541	.603240
.292396	.104476	.603127
.292574	.104411	.603015
.292810	.104324	.602866
.293045	.104238	.602717
.293104	.104216	.602680
.293455	.104087	.602458
.293746	.103980	.602274
.293920	.103916	.602164
.294093	.103853	.602054
.294323	.103768	.601909
.294496	.103705	.601800
.294725	.103621	.601655
.294839	.103579	.601583
.294953	.103537	.601510
.295350	.103391	.601259
.295519	.103329	.601152
.295632	.103287	.601081
.295801	.103225	.600974
.296025	.103143	.600832
.296248	.103061	.600691
.296415	.102999	.600585
.296803	.102857	.600340
.296914	.102816	.600270
.297298	.102675	.600027
.297408	.102635	.599957
.297790	.102495	.599716
.298115	.102375	.599510
.298438	.102256	.599305
.298707	.102158	.599136
.298921	.102079	.599000
.299027	.102040	.598933
.299346	.101923	.598731
.299557	.101845	.598598
.299873	.101729	.598398
.300031	.101671	.598298
.300240	.101594	.598166
.300292	.101575	.598133
.300500	.101499	.598001
.300708	.101422	.597870
.300966	.101328	.597707
.301172	.101252	.597576
.301223	.101233	.597544
.301428	.101158	.597414
.301683	.101064	.597253
.301836	.101008	.597156
.302039	.100933	.597028
.302291	.100841	.596868
.302442	.100785	.596773
.302693	.100693	.596614
.302743	.100675	.596582
.302993	.100583	.596424
.303291	.100473	.596236
.303439	.100419	.596142
.303637	.100346	.596017
.303882	.100256	.595862
.304029	.100202	.595769
.304176	.100148	.595676
.304322	.100094	.595583
.304613	.099987	.595399
.304613	.099987	.595399
.304662	.099970	.595369
.304758	.099934	.595307
.304951	.099863	.595185
.305048	.099828	.595125
.305192	.099775	.595033
.305239	.099757	.595003
.305431	.099687	.594882
.305669	.099600	.594731
.305906	.099512	.594581
.305906	.099512	.594581
.306001	.099478	.594522
.306236	.099391	.594372
.306284	.099374	.594343
.306565	.099270	.594165
.306658	.099236	.594105
.306985	.099116	.593899
.307077	.099082	.593840
.307216	.099031	.593753
.307263	.099014	.593723
.307447	.098946	.593607
.307769	.098828	.593403
.307860	.098795	.593345
.308043	.098727	.593230
.308225	.098661	.593115
.308315	.098627	.593057
.308497	.098561	.592943
.308632	.098511	.592857
.308812	.098445	.592743
.308947	.098395	.592658
.309126	.098330	.592545
.309349	.098248	.592404
.309438	.098215	.592347
.309571	.098166	.592263
.309704	.098117	.592179
.309880	.098052	.592067
.309924	.098036	.592039
.310056	.097988	.591956
.310100	.097972	.591928
.310319	.097891	.591790
.310407	.097859	.591734
.310581	.097795	.591624
.310668	.097763	.591569
.310711	.097747	.591542
.310798	.097715	.591487
.310971	.097651	.591377
.310971	.097651	.591377
.311101	.097604	.591295
.311187	.097572	.591241
.311273	.097541	.591186
.311359	.097509	.591132
.311530	.097446	.591024
.311744	.097368	.590889
.311829	.097336	.590835
.311998	.097274	.590727
.312252	.097181	.590567
.312337	.097150	.590514
.312463	.097104	.590434
.312672	.097026	.590301
.312840	.096965	.590195
.312965	.096919	.590116
.313131	.096858	.590011
.313255	.096812	.589932
.313297	.096797	.589906
.313421	.096752	.589828
.313503	.096721	.589776
.313627	.096676	.589697
.313750	.096631	.589620
.313873	.096585	.589542
.313914	.096570	.589516
.314036	.096525	.589438
.314158	.096481	.589361
.314321	.096421	.589258
.314402	.096391	.589207
.314645	.096302	.589054
.314685	.096287	.589028
.314685	.096287	.589028
.314685	.096287	.589028
.314765	.096257	.588977
.314886	.096213	.588901
.314886	.096213	.588901
.314926	.096198	.588875
.315086	.096140	.588774
.315166	.096110	.588724
.315166	.096110	.588724
.315166	.096110	.588724
.315326	.096052	.588623
.315405	.096022	.588572
.315445	.096008	.588547
.315643	.095935	.588422
.315683	.095920	.588397
.315762	.095891	.588347
.315841	.095862	.588297
.315959	.095819	.588222
.316076	.095776	.588148
.316233	.095718	.588049
.316350	.095675	.587975
.316389	.095661	.587950
.316467	.095632	.587901
.316545	.095604	.587851
.316623	.095575	.587802
.316778	.095518	.587704
.316971	.095447	.587582
.317048	.095419	.587533
.317086	.095405	.587509
.317240	.095348	.587412
.317278	.095334	.587387
.317317	.095320	.587363
.317317	.095320	.587363
.317355	.095306	.587339
.317508	.095250	.587242
.317584	.095222	.587194
.317660	.095194	.587146
.317850	.095124	.587026
.317964	.095082	.586954
.318001	.095069	.586930
.318039	.095055	.586906
.318152	.095013	.586835
.318378	.094930	.586692
.318453	.094903	.586645
.318640	.094834	.586526
.318751	.094793	.586456
.318826	.094766	.586409
.319011	.094698	.586291
.319122	.094657	.586221
.319159	.094643	.586198
.319233	.094616	.586151
.319233	.094616	.586151
.319270	.094603	.586128
.319417	.094548	.586035
.319490	.094521	.585988
.319746	.094427	.585826
.319819	.094401	.585780
.320001	.094334	.585665
.320110	.094294	.585596
.320182	.094267	.585550
.320182	.094267	.585550
.320291	.094227	.585482
.320327	.094214	.585459
.320363	.094201	.585436
.320579	.094122	.585300
.320686	.094082	.585232
.320794	.094043	.585164
.320865	.094016	.585119
.320972	.093977	.585051
.321043	.093951	.585006
.321114	.093925	.584961
.321256	.093873	.584871
.321327	.093847	.584827
.321327	.093847	.584827
.321433	.093808	.584760
.321538	.093769	.584693
.321609	.093743	.584648
.321609	.093743	.584648
.321819	.093666	.584515
.321924	.093627	.584449
.321994	.093602	.584405
.322133	.093551	.584317
.322237	.093512	.584251
.322306	.093487	.584207
.322410	.093449	.584141
.322514	.093411	.584076
.322720	.093335	.583945
.322789	.093310	.583902
.322823	.093297	.583880
.323028	.093222	.583750
.323096	.093197	.583707
.323165	.093172	.583664
.323301	.093122	.583578
.323301	.093122	.583578
.323334	.093109	.583556
.323402	.093084	.583514
.323436	.093072	.583492
.323605	.093010	.583385
.323740	.092960	.583300
.323807	.092936	.583258
.323840	.092923	.583236
.323874	.092911	.583215
.323907	.092899	.583194
.323907	.092899	.583194
.323907	.092899	.583194
.323974	.092874	.583152
.324041	.092849	.583109
.324108	.092825	.583067
.324208	.092788	.583004
.324308	.092752	.582941
.324407	.092715	.582878
.324573	.092654	.582773
.324738	.092594	.582669
.324804	.092569	.582627
.324902	.092533	.582565
.325066	.092473	.582461
.325066	.092473	.582461
.325099	.092461	.582440
.325196	.092425	.582379
.325262	.092401	.582337
.325327	.092377	.582296
.325359	.092365	.582276
.325359	.092365	.582276
.325359	.092365	.582276
.325424	.092341	.582234
.325489	.092318	.582193
.325586	.092282	.582132
.325651	.092258	.582091
.325683	.092246	.582071
.325780	.092211	.582010
.325908	.092163	.581928
.326037	.092116	.581847
.326101	.092093	.581807
.326165	.092069	.581766
.326228	.092046	.581726
.326292	.092022	.581685
.326292	.092022	.581685
.326356	.091999	.581645
.326388	.091987	.581625
.326451	.091964	.581585
.326578	.091917	.581505
.326641	.091894	.581465
.326767	.091848	.581385
.326862	.091813	.581325
.326893	.091802	.581305
.326925	.091790	.581285
.326988	.091767	.581245
.327113	.091721	.581166
.327144	.091709	.581146
.327238	.091675	.581087
.327300	.091652	.581048
.327331	.091641	.581028
.327363	.091629	.581008
.327394	.091618	.580989
.327425	.091606	.580969
.327518	.091572	.580910
.327580	.091549	.580871
.327642	.091527	.580832
.327765	.091481	.580753
.327889	.091436	.580675
.328012	.091391	.580598
.328042	.091379	.580578
.328104	.091357	.580540
.328226	.091312	.580462
.328317	.091278	.580404
.328530	.091200	.580270
.328530	.091200	.580270
.328591	.091178	.580231
.328651	.091156	.580193
.328742	.091122	.580136
.328833	.091089	.580078
.328863	.091078	.580059
.328923	.091056	.580021
.328923	.091056	.580021
.329043	.091012	.579945
.329073	.091001	.579926
.329223	.090946	.579832
.329342	.090902	.579756
.329372	.090891	.579737
.329461	.090858	.579681
.329609	.090804	.579587
.329639	.090793	.579568
.329698	.090771	.579531
.329698	.090771	.579531
.329816	.090728	.579456
.329905	.090695	.579400
.329963	.090674	.579363
.330022	.090652	.579326
.330081	.090630	.579289
.330198	.090587	.579215
.330227	.090577	.579196
.330286	.090555	.579159
.330315	.090545	.579141
.330373	.090523	.579104
.330402	.090512	.579086
.330460	.090491	.579049
.330518	.090470	.579012
.330576	.090448	.578975
.330634	.090427	.578939
.330692	.090406	.578902
.330808	.090363	.578829
.330923	.090321	.578756
.331009	.090289	.578702
.331066	.090268	.578665
.331124	.090247	.578629
.331152	.090237	.578611
.331181	.090226	.578593
.331209	.090216	.578575
.331238	.090205	.578557
.331267	.090195	.578539
.331324	.090174	.578503
.331381	.090153	.578467
.331437	.090132	.578431
.331466	.090122	.578413
.331466	.090122	.578413
.331523	.090101	.578377
.331551	.090090	.578359
.331579	.090080	.578341
.331608	.090069	.578323
.331693	.090038	.578269
.331834	.089986	.578180
.331974	.089935	.578091
.332030	.089914	.578055
.332114	.089883	.578002
.332142	.089873	.577985
.332170	.089863	.577967
.332282	.089822	.577896
.332338	.089801	.577861
.332421	.089771	.577808
.332449	.089760	.577791
.332588	.089709	.577703
.332671	.089679	.577650
.332753	.089649	.577598
.332919	.089588	.577494
.332919	.089588	.577494
.333001	.089558	.577441
.333028	.089548	.577424
.333110	.089517	.577372
.333192	.089487	.577320
.333247	.089467	.577286
.333247	.089467	.577286
.333302	.089447	.577251
.333356	.089427	.577217
.333383	.089417	.577200
.333410	.089407	.577183
.333465	.089387	.577148
.333546	.089357	.577097
.333573	.089347	.577080
.333627	.089328	.577045
.333708	.089298	.576994
.333816	.089258	.576926
.333816	.089258	.576926
.333950	.089209	.576841
.334057	.089169	.576773
.334084	.089160	.576756
.334111	.089150	.576739
.334164	.089130	.576706
.334244	.089101	.576655
.334324	.089071	.576605
.334351	.089062	.576588
.334404	.089042	.576554
.334536	.088994	.576470
.334615	.088964	.576420
.334721	.088926	.576353
.334800	.088897	.576303
.334826	.088887	.576287
.334826	.088887	.576287
.334852	.088877	.576270
.334852	.088877	.576270
.335010	.088820	.576171
.335140	.088772	.576088
.335140	.088772	.576088
.335219	.088743	.576039
.335297	.088714	.575989
.335323	.088705	.575973
.335348	.088695	.575956
.335374	.088686	.575940
.335400	.088676	.575924
.335426	.088666	.575907
.335452	.088657	.575891
.335478	.088647	.575874
.335607	.088600	.575793
.335659	.088581	.575760
.335659	.088581	.575760
.335710	.088562	.575728
.335787	.088534	.575679
.335864	.088506	.575630
.335916	.088487	.575598
.335967	.088468	.575565
.335992	.088459	.575549
.336069	.088430	.575501
.336120	.088412	.575468
.336171	.088393	.575436
.336247	.088365	.575388
.336349	.088328	.575324
.336424	.088300	.575276
.336475	.088281	.575244
.336475	.088281	.575244
.336601	.088235	.575164
.336702	.088198	.575100
.336802	.088161	.575037
.336852	.088143	.575005
.336852	.088143	.575005
.336902	.088124	.574974
.336977	.088097	.574926
.336977	.088097	.574926
.337002	.088088	.574910
.337052	.088069	.574879
.337127	.088042	.574832
.337176	.088024	.574800
.337201	.088014	.574784
.337251	.087996	.574753
.337300	.087978	.574722
.337300	.087978	.574722
.337325	.087969	.574706
.337375	.087951	.574675
.337375	.087951	.574675
.337399	.087942	.574659
.337424	.087933	.574644
.337449	.087923	.574628
.337498	.087905	.574597
.337498	.087905	.574597
.337572	.087878	.574550
.337695	.087833	.574472
.337719	.087824	.574457
.337768	.087806	.574426
.337866	.087770	.574364
.337915	.087752	.574333
.337939	.087743	.574318
.337988	.087725	.574287
.338036	.087708	.574256
.338085	.087690	.574225
.338085	.087690	.574225
.338109	.087681	.574210
.338134	.087672	.574195
.338158	.087663	.574179
.338206	.087645	.574149
.338206	.087645	.574149
.338206	.087645	.574149
.338206	.087645	.574149
.338230	.087636	.574133
.338375	.087583	.574042
.338424	.087565	.574011
.338448	.087556	.573996
.338496	.087539	.573965
.338520	.087530	.573950
.338568	.087512	.573920
.338664	.087477	.573859
.338712	.087459	.573829
.338736	.087451	.573814
.338783	.087433	.573784
.338831	.087416	.573753
.338831	.087416	.573753
.338831	.087416	.573753
.338902	.087389	.573708
.338974	.087363	.573663
.339021	.087346	.573633
.339021	.087346	.573633
.339045	.087337	.573618
.339116	.087311	.573573
.339140	.087302	.573558
.339187	.087285	.573528
.339187	.087285	.573528
.339305	.087241	.573454
.339329	.087233	.573439
.339329	.087233	.573439
.339376	.087215	.573409
.339470	.087181	.573349
.339470	.087181	.573349
.339470	.087181	.573349
.339540	.087155	.573305
.339563	.087146	.573290
.339587	.087138	.573275
.339657	.087112	.573231
.339657	.087112	.573231
.339727	.087086	.573187
.339750	.087078	.573172
.339843	.087044	.573113
.339959	.087001	.573040
.340029	.086975	.572996
.340075	.086958	.572966
.340121	.086941	.572937
.340121	.086941	.572937
.340168	.086925	.572908
.340168	.086925	.572908
.340214	.086908	.572879
.340214	.086908	.572879
.340260	.086891	.572850
.340352	.086857	.572792
.340374	.086848	.572777
.340397	.086840	.572763
.340420	.086832	.572748
.340443	.086823	.572734
.340466	.086815	.572719
.340512	.086798	.572690
.340558	.086781	.572661
.340558	.086781	.572661
.340558	.086781	.572661
.340558	.086781	.572661
.340580	.086773	.572647
.340603	.086764	.572632
.340626	.086756	.572618
.340694	.086731	.572575
.340717	.086723	.572560
.340740	.086714	.572546
.340831	.086681	.572489
.340899	.086656	.572446
.340944	.086639	.572417
.341012	.086614	.572374
.341057	.086598	.572345
.341079	.086590	.572331
.341079	.086590	.572331
.341102	.086581	.572317
.341147	.086565	.572289
.341169	.086556	.572274
.341237	.086532	.572232
.341281	.086515	.572203
.341326	.086499	.572175
.341438	.086458	.572104
.341483	.086441	.572076
.341527	.086425	.572048
.341572	.086409	.572020
.341683	.086368	.571949
.341705	.086360	.571935
.341727	.086351	.571921
.341771	.086335	.571893
.341794	.086327	.571879
.341904	.086286	.571809
.341970	.086262	.571768
.341970	.086262	.571768
.342036	.086238	.571726
.342058	.086230	.571712
.342080	.086222	.571698
.342146	.086198	.571656
.342190	.086182	.571629
.342190	.086182	.571629
.342190	.086182	.571629
.342190	.086182	.571629
.342212	.086173	.571615
.342234	.086165	.571601
.342255	.086157	.571587
.342299	.086141	.571560
.342321	.086133	.571546
.342365	.086117	.571518
.342365	.086117	.571518
.342452	.086085	.571463
.342473	.086077	.571449
.342495	.086069	.571436
.342495	.086069	.571436
.342582	.086037	.571381
.342668	.086006	.571326
.342668	.086006	.571326
.342690	.085998	.571312
.342690	.085998	.571312
.342712	.085990	.571299
.342733	.085982	.571285
.342733	.085982	.571285
.342733	.085982	.571285
.342798	.085958	.571244
.342820	.085950	.571230
.342820	.085950	.571230
.342820	.085950	.571230
.342841	.085942	.571217
.342884	.085926	.571189
.342906	.085919	.571176
.342906	.085919	.571176
.342906	.085919	.571176
.342927	.085911	.571162
.342949	.085903	.571149
.342970	.085895	.571135
.342970	.085895	.571135
.343056	.085863	.571081
.343077	.085856	.571067
.343098	.085848	.571054
.343120	.085840	.571040
.343269	.085785	.570946
.343269	.085785	.570946
.343290	.085777	.570932
.343333	.085761	.570906
.343354	.085754	.570892
.343397	.085738	.570865
.343439	.085723	.570838
.343439	.085723	.570838
.343460	.085715	.570825
.343503	.085699	.570798
.343608	.085660	.570731
.343671	.085637	.570691
.343714	.085622	.570665
.343735	.085614	.570651
.343735	.085614	.570651
.343756	.085606	.570638
.343756	.085606	.570638
.343819	.085583	.570598
.343840	.085575	.570585
.343882	.085560	.570559
.343944	.085537	.570519
.343965	.085529	.570506
.344007	.085514	.570479
.344049	.085499	.570453
.344049	.085499	.570453
.344090	.085483	.570426
.344111	.085476	.570413
.344132	.085468	.570400
.344215	.085437	.570347
.344277	.085415	.570308
.344319	.085399	.570282
.344360	.085384	.570256
.344381	.085376	.570243
.344422	.085361	.570217
.344443	.085354	.570203
.344484	.085339	.570177
.344546	.085316	.570138
.344587	.085301	.570112
.344628	.085286	.570086
.344690	.085263	.570047
.344690	.085263	.570047
.344710	.085256	.570034
.344772	.085233	.569996
.344792	.085225	.569983
.344812	.085218	.569970
.344833	.085210	.569957
.344874	.085195	.569931
.344914	.085180	.569905
.344914	.085180	.569905
.344955	.085165	.569879
.344976	.085158	.569866
.344996	.085151	.569854
.345036	.085136	.569828
.345057	.085128	.569815
.345077	.085121	.569802
.345138	.085098	.569764
.345138	.085098	.569764
.345178	.085083	.569738
.345239	.085061	.569700
.345259	.085054	.569687
.345259	.085054	.569687
.345279	.085046	.569674
.345279	.085046	.569674
.345320	.085032	.569649
.345340	.085024	.569636
.345380	.085009	.569611
.345481	.084972	.569547
.345501	.084965	.569534
.345521	.084958	.569522
.345541	.084950	.569509
.345561	.084943	.569496
.345581	.084936	.569484
.345601	.084928	.569471
.345641	.084914	.569446
.345681	.084899	.569420
.345701	.084892	.569408
.345741	.084877	.569383
.345741	.084877	.569383
.345760	.084870	.569370
.345820	.084848	.569332
.345820	.084848	.569332
.345880	.084826	.569294
.345880	.084826	.569294
.345919	.084811	.569269
.345979	.084789	.569232
.346038	.084768	.569194
.346097	.084746	.569157
.346137	.084731	.569132
.346176	.084717	.569107
.346176	.084717	.569107
.346196	.084710	.569094
.346255	.084688	.569057
.346275	.084681	.569045
.346334	.084659	.569007
.346334	.084659	.569007
.346373	.084645	.568983
.346451	.084616	.568933
.346451	.084616	.568933
.346490	.084602	.568908
.346568	.084573	.568859
.346587	.084566	.568847
.346587	.084566	.568847
.346607	.084559	.568834
.346626	.084551	.568822
.346665	.084537	.568798
.346704	.084523	.568773
.346724	.084516	.568761
.346743	.084509	.568748
.346762	.084502	.568736
.346762	.084502	.568736
.346782	.084494	.568724
.346840	.084473	.568687
.346898	.084452	.568651
.346956	.084431	.568614
.346994	.084416	.568590
.347033	.084402	.568565
.347129	.084367	.568504
.347148	.084360	.568492
.347186	.084346	.568468
.347224	.084332	.568444
.347282	.084311	.568408
.347320	.084297	.568383
.347358	.084283	.568359
.347396	.084269	.568335
.347396	.084269	.568335
.347434	.084255	.568311
.347453	.084248	.568299
.347491	.084234	.568275
.347510	.084227	.568263
.347529	.084220	.568251
.347567	.084206	.568227
.347643	.084178	.568179
.347662	.084171	.568167
.347681	.084164	.568155
.347718	.084150	.568131
.347794	.084123	.568084
.347813	.084116	.568072
.347831	.084109	.568060
.347831	.084109	.568060
.347850	.084102	.568048
.347925	.084074	.568000
.347982	.084054	.567965
.348038	.084033	.567929
.348056	.084026	.567918
.348075	.084019	.567906
.348075	.084019	.567906
.348094	.084012	.567894
.348168	.083985	.567847
.348243	.083958	.567800
.348299	.083937	.567764
.348354	.083917	.567729
.348373	.083910	.567717
.348465	.083876	.567659
.348521	.083856	.567624
.348594	.083828	.567577
.348613	.083822	.567566
.348613	.083822	.567566
.348631	.083815	.567554
.348668	.083801	.567531
.348668	.083801	.567531
.348686	.083795	.567519
.348741	.083774	.567484
.348760	.083768	.567473
.348796	.083754	.567450
.348815	.083748	.567438
.348906	.083714	.567380
.348924	.083707	.567369
.348961	.083694	.567346
.348979	.083687	.567334
.349052	.083660	.567288
.349106	.083640	.567254
.349142	.083627	.567231
.349179	.083614	.567208
.349215	.083600	.567185
.349233	.083594	.567173
.349287	.083574	.567139
.349323	.083561	.567116
.349323	.083561	.567116
.349341	.083554	.567105
.349359	.083547	.567093
.349413	.083528	.567059
.349449	.083514	.567037
.349521	.083488	.566991
.349521	.083488	.566991
.349521	.083488	.566991
.349557	.083475	.566968
.349593	.083462	.566946
.349628	.083449	.566923
.349682	.083429	.566889
.349682	.083429	.566889
.349682	.083429	.566889
.349682	.083429	.566889
.349771	.083396	.566833
.349807	.083383	.566810
.349824	.083376	.566799
.349860	.083363	.566777
.349931	.083337	.566732
.349984	.083318	.566698
.350037	.083298	.566665
.350072	.083285	.566642
.350090	.083279	.566631
.350090	.083279	.566631
.350125	.083266	.566609
.350178	.083247	.566575
.350248	.083221	.566531
.350266	.083214	.566520
.350319	.083195	.566486
.350336	.083188	.566475
.350336	.083188	.566475
.350354	.083182	.566464
.350389	.083169	.566442
.350406	.083163	.566431
.350406	.083163	.566431
.350424	.083156	.566420
.350424	.083156	.566420
.350458	.083144	.566398
.350493	.083131	.566376
.350493	.083131	.566376
.350528	.083118	.566354
.350563	.083105	.566332
.350598	.083092	.566310
.350633	.083080	.566288
.350667	.083067	.566266
.350667	.083067	.566266
.350685	.083060	.566255
.350771	.083029	.566200
.350823	.083010	.566167
.350823	.083010	.566167
.350840	.083003	.566156
.350858	.082997	.566146
.350875	.082991	.566135
.350909	.082978	.566113
.350927	.082972	.566102
.350927	.082972	.566102
.350944	.082965	.566091
.350961	.082959	.566080
.350978	.082953	.566069
.351012	.082940	.566048
.351047	.082927	.566026
.351064	.082921	.566015
.351098	.082908	.565993
.351150	.082890	.565961



 Closed   0


.351150	.082890	.565961
.313847	.078205	.607948
.303889	.075543	.620568
.319899	.079365	.600737
.312228	.077287	.610485
.319342	.078923	.601734
.304360	.075089	.620552
.302292	.074428	.623280
.305414	.075067	.619519
.302443	.074196	.623361
.303354	.074326	.622321
.303380	.074273	.622347
.303424	.074185	.622391
.303460	.074115	.622426
.303506	.074022	.622472
.303523	.073987	.622489
.303555	.073924	.622521
.303595	.073844	.622561
.303627	.073781	.622592
.303664	.073708	.622629
.303703	.073629	.622668
.303731	.073573	.622696
.303762	.073512	.622726
.303792	.073451	.622757
.303828	.073379	.622792
.303856	.073325	.622820
.303880	.073275	.622844
.303910	.073216	.622874
.303938	.073161	.622901
.303965	.073108	.622928
.303986	.073065	.622949
.304018	.073001	.622981
.304053	.072932	.623016
.304066	.072905	.623029
.304090	.072858	.623053
.304116	.072805	.623079
.304127	.072784	.623089
.304150	.072737	.623113
.304174	.072690	.623136
.304192	.072654	.623154
.304210	.072618	.623172
.304234	.072571	.623195
.304252	.072535	.623213
.304272	.072494	.623234
.304282	.072474	.623244
.304295	.072448	.623256
.304321	.072398	.623282
.304349	.072342	.623310
.304371	.072297	.623332
.304389	.072262	.623350
.304401	.072236	.623362
.304416	.072206	.623377
.304436	.072167	.623397
.304454	.072132	.623414
.304474	.072092	.623434
.304491	.072058	.623451
.304503	.072033	.623463
.304513	.072013	.623473
.304526	.071989	.623485
.304550	.071940	.623510
.304567	.071906	.623527
.304579	.071882	.623539
.304589	.071862	.623549
.304611	.071819	.623570
.304633	.071775	.623592
.304647	.071747	.623606
.304662	.071718	.623621
.304676	.071689	.623635
.304690	.071660	.623649
.304719	.071603	.623678
.304728	.071584	.623687
.304738	.071566	.623697
.304750	.071542	.623708
.304759	.071523	.623718
.304776	.071490	.623734
.304785	.071471	.623743
.304790	.071462	.623748
.304804	.071434	.623762
.304816	.071411	.623774
.304834	.071373	.623792
.304841	.071360	.623799
.304853	.071336	.623811
.304869	.071304	.623827
.304885	.071272	.623843
.304899	.071244	.623857
.304913	.071217	.623870
.304924	.071194	.623882
.304943	.071157	.623900
.304952	.071139	.623909
.304970	.071103	.623927
.304981	.071080	.623939
.304984	.071075	.623941
.304986	.071071	.623943
.304997	.071048	.623954
.305002	.071039	.623959
.305013	.071017	.623970
.305022	.070999	.623979
.305027	.070990	.623984
.305038	.070967	.623995
.305060	.070923	.624017
.305085	.070874	.624042
.305094	.070856	.624050
.305105	.070834	.624061
.305114	.070816	.624070
.305129	.070785	.624086
.305138	.070767	.624094
.305149	.070745	.624105
.305160	.070723	.624116
.305178	.070688	.624134
.305184	.070675	.624140
.305189	.070666	.624145
.305202	.070640	.624158
.305222	.070601	.624177
.305228	.070588	.624184
.305239	.070567	.624195
.305250	.070545	.624205
.305258	.070528	.624214
.305265	.070515	.624220
.305278	.070489	.624233
.305284	.070476	.624240
.305295	.070455	.624250
.305295	.070455	.624250
.305308	.070429	.624263
.305310	.070425	.624265
.305317	.070412	.624272
.305325	.070395	.624280
.305342	.070361	.624297
.305348	.070348	.624303
.305365	.070314	.624320
.305374	.070297	.624329
.305387	.070272	.624341
.305393	.070259	.624348
.305401	.070243	.624356
.305408	.070230	.624362
.305420	.070205	.624375
.305431	.070184	.624385
.305441	.070163	.624396
.305462	.070121	.624416
.305479	.070088	.624433
.305491	.070063	.624445
.305493	.070059	.624447
.305502	.070043	.624456
.305512	.070022	.624466
.305518	.070010	.624472
.305520	.070006	.624474
.305522	.070002	.624476
.305535	.069977	.624488
.305543	.069961	.624497
.305553	.069940	.624507
.305563	.069920	.624517
.305567	.069912	.624521
.305576	.069895	.624529
.305582	.069883	.624535
.305596	.069855	.624549
.305602	.069843	.624555
.305612	.069822	.624565
.305622	.069802	.624575
.305628	.069790	.624582
.305630	.069786	.624584
.305640	.069766	.624594
.305648	.069750	.624602
.305661	.069726	.624614
.305673	.069702	.624626
.305685	.069678	.624637
.305695	.069658	.624647
.305703	.069642	.624655
.305705	.069638	.624657
.305710	.069626	.624663
.305716	.069614	.624669
.305720	.069606	.624673
.305730	.069587	.624683
.305734	.069579	.624687
.305742	.069563	.624695
.305748	.069551	.624701
.305750	.069547	.624703
.305758	.069532	.624710
.305764	.069520	.624716
.305768	.069512	.624720
.305774	.069500	.624726
.305782	.069484	.624734
.305789	.069469	.624742
.305795	.069457	.624748
.305805	.069438	.624757
.305809	.069430	.624761
.305817	.069414	.624769
.305819	.069410	.624771
.305827	.069395	.624779
.305834	.069379	.624786
.305840	.069368	.624792
.305846	.069356	.624798
.305852	.069345	.624804
.305860	.069329	.624811
.305865	.069318	.624817
.305869	.069310	.624821
.305875	.069298	.624827
.305883	.069283	.624834
.305883	.069283	.624834
.305887	.069275	.624838
.305898	.069252	.624850
.305904	.069241	.624855
.305911	.069226	.624863
.305915	.069218	.624867
.305923	.069203	.624874
.305929	.069191	.624880
.305931	.069187	.624882
.305934	.069180	.624886
.305940	.069168	.624891
.305942	.069165	.624893
.305953	.069142	.624905
.305955	.069138	.624907
.305959	.069131	.624910
.305967	.069115	.624918
.305972	.069104	.624924
.305978	.069093	.624929
.305988	.069074	.624939
.305988	.069074	.624939
.305993	.069063	.624944
.305995	.069059	.624946
.306001	.069048	.624952
.306006	.069036	.624957
.306012	.069025	.624963
.306019	.069010	.624970
.306025	.068999	.624976
.306031	.068988	.624982
.306042	.068965	.624993
.306048	.068954	.624998
.306055	.068939	.625006
.306059	.068932	.625009
.306059	.068932	.625009
.306064	.068921	.625015
.306068	.068913	.625019
.306074	.068902	.625024
.306075	.068899	.625026
.306081	.068888	.625031
.306088	.068873	.625039
.306090	.068869	.625041
.306096	.068858	.625046
.306105	.068840	.625055
.306111	.068829	.625061
.306118	.068814	.625068
.306129	.068792	.625079
.306140	.068770	.625090
.306142	.068766	.625092
.306147	.068755	.625097
.306149	.068752	.625099
.306149	.068752	.625099
.306151	.068748	.625101
.306158	.068734	.625108
.306166	.068719	.625115
.306175	.068701	.625125
.306182	.068686	.625132
.306186	.068679	.625135
.306191	.068668	.625141
.306200	.068650	.625150
.306202	.068647	.625152
.306213	.068625	.625162
.306220	.068611	.625170
.306227	.068596	.625177
.306233	.068585	.625182
.306236	.068578	.625186
.306240	.068571	.625189
.306245	.068560	.625195
.306250	.068550	.625200
.306254	.068542	.625203
.306259	.068532	.625209
.306265	.068521	.625214
.306270	.068510	.625219
.306270	.068510	.625219
.306281	.068489	.625230
.306281	.068489	.625230
.306288	.068475	.625237
.306300	.068450	.625250
.306313	.068425	.625262
.306322	.068408	.625271
.306327	.068397	.625276
.306331	.068390	.625279
.306331	.068390	.625279
.306334	.068383	.625283
.306345	.068362	.625293
.306352	.068348	.625300
.306355	.068341	.625304
.306360	.068330	.625309
.306366	.068320	.625314
.306373	.068306	.625321
.306380	.068292	.625328
.306385	.068282	.625334
.306385	.068282	.625334
.306388	.068275	.625337
.306390	.068271	.625339
.306399	.068254	.625347
.306408	.068236	.625356
.306413	.068226	.625361
.306418	.068216	.625366
.306421	.068209	.625370
.306427	.068198	.625375
.306434	.068185	.625382
.306440	.068171	.625389
.306442	.068167	.625390
.306449	.068154	.625397
.306456	.068140	.625404
.306463	.068126	.625411
.306470	.068113	.625418
.306473	.068106	.625421
.306477	.068099	.625425
.306482	.068089	.625430
.306490	.068072	.625438
.306495	.068061	.625443
.306500	.068051	.625448
.306504	.068044	.625452
.306511	.068031	.625459
.306516	.068021	.625464
.306519	.068014	.625467
.306523	.068007	.625470
.306523	.068007	.625470
.306529	.067994	.625477
.306531	.067990	.625479
.306536	.067980	.625484
.306543	.067967	.625491
.306548	.067957	.625496
.306556	.067940	.625504
.306558	.067936	.625506
.306561	.067930	.625509
.306566	.067920	.625514
.306568	.067916	.625516
.306573	.067906	.625521
.306575	.067903	.625522
.306583	.067886	.625531
.306587	.067879	.625534
.306592	.067869	.625539
.306595	.067863	.625542
.306600	.067853	.625547
.306603	.067846	.625551
.306607	.067839	.625554
.306612	.067829	.625559
.306617	.067819	.625564
.306622	.067810	.625569
.306628	.067796	.625575
.306635	.067783	.625582
.306640	.067773	.625587
.306647	.067760	.625594
.306650	.067753	.625597
.306655	.067743	.625602
.306661	.067730	.625608
.306665	.067724	.625612
.306671	.067711	.625618
.306676	.067701	.625623
.306680	.067694	.625626
.306684	.067684	.625631
.306688	.067678	.625634
.306689	.067675	.625636
.306691	.067671	.625638
.306691	.067671	.625638
.306696	.067661	.625643
.306696	.067661	.625643
.306698	.067658	.625644
.306702	.067648	.625649
.306706	.067642	.625652
.306714	.067626	.625661
.306716	.067622	.625662
.306717	.067619	.625664
.306722	.067609	.625669
.306727	.067600	.625673
.306732	.067590	.625678
.306738	.067577	.625685
.306740	.067574	.625686
.306742	.067570	.625688
.306748	.067558	.625694
.306748	.067558	.625694
.306751	.067551	.625698
.306756	.067541	.625702
.306764	.067525	.625711
.306767	.067519	.625714
.306775	.067503	.625722
.306779	.067496	.625725
.306780	.067493	.625727
.306787	.067480	.625733
.306788	.067477	.625735
.306795	.067464	.625741
.306800	.067455	.625746
.306801	.067452	.625747
.306804	.067445	.625750
.306808	.067439	.625754
.306811	.067432	.625757
.306816	.067423	.625762
.306817	.067420	.625763
.306817	.067420	.625763
.306820	.067413	.625766
.306825	.067404	.625771
.306830	.067394	.625776
.306836	.067382	.625782
.306843	.067369	.625789
.306846	.067362	.625792
.306849	.067356	.625795
.306851	.067353	.625796
.306851	.067353	.625796
.306852	.067350	.625798
.306859	.067337	.625804
.306860	.067334	.625806
.306862	.067331	.625807
.306866	.067321	.625812
.306870	.067315	.625815
.306876	.067303	.625822
.306881	.067293	.625826
.306881	.067293	.625826
.306882	.067290	.625828
.306889	.067277	.625834
.306892	.067271	.625837
.306900	.067256	.625845
.306903	.067249	.625848
.306909	.067237	.625854
.306910	.067234	.625856
.306915	.067224	.625861
.306918	.067218	.625864
.306926	.067202	.625871
.306931	.067193	.625876
.306935	.067184	.625881
.306939	.067178	.625884
.306942	.067171	.625887
.306945	.067165	.625890
.306951	.067153	.625896
.306960	.067134	.625905
.306965	.067125	.625910
.306970	.067116	.625915
.306971	.067113	.625916
.306974	.067107	.625919
.306979	.067097	.625924
.306987	.067082	.625932
.306988	.067079	.625933
.306990	.067076	.625935
.306990	.067076	.625935
.306991	.067073	.625936
.306996	.067063	.625941
.307000	.067054	.625945
.307002	.067051	.625947
.307008	.067039	.625953
.307010	.067036	.625954
.307013	.067030	.625957
.307016	.067024	.625961
.307023	.067008	.625968
.307023	.067008	.625968
.307028	.066999	.625973
.307031	.066993	.625976
.307033	.066990	.625977
.307036	.066984	.625980
.307040	.066975	.625985
.307048	.066960	.625992
.307052	.066951	.625997
.307054	.066948	.625998
.307058	.066939	.626003
.307066	.066924	.626010
.307069	.066917	.626013
.307075	.066905	.626019
.307078	.066899	.626022
.307080	.066896	.626024
.307084	.066887	.626028
.307087	.066881	.626031
.307090	.066875	.626034
.307095	.066866	.626039
.307096	.066863	.626040
.307099	.066857	.626043
.307102	.066851	.626046
.307105	.066845	.626049
.307107	.066842	.626051
.307114	.066827	.626058
.307116	.066824	.626060
.307119	.066818	.626063
.307119	.066818	.626063
.307122	.066812	.626066
.307128	.066801	.626072
.307128	.066801	.626072
.307129	.066798	.626073
.307131	.066795	.626075
.307135	.066786	.626079
.307138	.066780	.626082
.307140	.066777	.626084
.307141	.066774	.626085
.307146	.066765	.626090
.307146	.066765	.626090
.307147	.066762	.626091
.307156	.066744	.626100
.307160	.066735	.626104
.307162	.066732	.626106
.307165	.066726	.626109
.307166	.066723	.626110
.307166	.066723	.626110
.307166	.066723	.626110
.307168	.066720	.626112
.307174	.066709	.626118
.307177	.066703	.626121
.307178	.066700	.626122
.307183	.066691	.626126
.307184	.066688	.626128
.307184	.066688	.626128
.307186	.066685	.626129
.307191	.066673	.626135
.307193	.066670	.626137
.307197	.066662	.626141
.307197	.066662	.626141
.307199	.066659	.626143
.307206	.066644	.626150
.307209	.066638	.626153
.307212	.066632	.626156
.307212	.066632	.626156
.307215	.066626	.626159
.307216	.066623	.626160
.307221	.066615	.626164
.307222	.066612	.626166
.307227	.066603	.626170
.307233	.066591	.626176
.307235	.066586	.626179
.307237	.066583	.626180
.307241	.066574	.626185
.307244	.066568	.626188
.307247	.066562	.626191
.307252	.066554	.626195
.307254	.066548	.626198
.307256	.066545	.626199
.307259	.066539	.626202
.307260	.066536	.626204
.307263	.066530	.626206
.307269	.066519	.626212
.307273	.066510	.626216
.307275	.066507	.626218
.307279	.066499	.626222
.307281	.066496	.626224
.307281	.066496	.626224
.307286	.066484	.626229
.307289	.066479	.626232
.307291	.066476	.626234
.307295	.066467	.626238
.307295	.066467	.626238
.307296	.066464	.626239
.307299	.066458	.626242
.307301	.066456	.626244
.307304	.066450	.626247
.307306	.066444	.626249
.307306	.066444	.626249
.307308	.066441	.626251
.307314	.066430	.626257
.307315	.066427	.626258
.307318	.066421	.626261
.307321	.066415	.626264
.307325	.066407	.626268
.307327	.066404	.626269
.307327	.066404	.626269
.307327	.066404	.626269
.307327	.066404	.626269
.307327	.066404	.626269
.307331	.066396	.626274
.307332	.066393	.626275
.307332	.066393	.626275
.307335	.066387	.626278
.307339	.066378	.626282
.307348	.066361	.626291
.307348	.066361	.626291
.307348	.066361	.626291
.307354	.066350	.626296
.307356	.066344	.626299
.307362	.066333	.626305
.307366	.066325	.626309
.307371	.066316	.626313
.307371	.066316	.626313
.307376	.066305	.626319
.307378	.066302	.626320
.307385	.066288	.626327
.307386	.066285	.626329
.307389	.066279	.626332
.307395	.066268	.626337
.307397	.066263	.626340
.307400	.066257	.626343
.307402	.066254	.626344
.307406	.066246	.626348
.307412	.066235	.626354
.307417	.066223	.626359
.307424	.066209	.626366
.307428	.066201	.626371
.307428	.066201	.626371
.307431	.066195	.626373
.307431	.066195	.626373
.307433	.066193	.626375
.307442	.066173	.626385
.307442	.066173	.626385
.307445	.066168	.626387
.307447	.066165	.626389
.307448	.066162	.626390
.307448	.066162	.626390
.307449	.066159	.626391
.307451	.066157	.626393
.307453	.066151	.626396
.307456	.066145	.626398
.307456	.066145	.626398
.307458	.066143	.626400
.307460	.066137	.626402
.307465	.066129	.626407
.307466	.066126	.626408
.307472	.066115	.626414
.307472	.066115	.626414
.307473	.066112	.626415
.307476	.066107	.626418
.307477	.066104	.626419
.307484	.066090	.626426
.307485	.066087	.626427
.307488	.066082	.626430
.307489	.066079	.626431
.307491	.066076	.626433
.307496	.066065	.626438
.307499	.066060	.626441
.307503	.066052	.626445
.307503	.066052	.626445
.307507	.066043	.626449
.307510	.066038	.626452
.307516	.066027	.626457
.307522	.066013	.626464
.307527	.066005	.626468
.307527	.066005	.626468
.307531	.065997	.626472
.307532	.065994	.626474
.307535	.065989	.626476
.307535	.065989	.626476
.307536	.065986	.626478
.307540	.065978	.626482
.307543	.065973	.626485
.307547	.065964	.626489
.307550	.065959	.626491
.307555	.065948	.626497
.307558	.065943	.626499
.307559	.065940	.626501
.307562	.065935	.626503
.307562	.065935	.626503
.307563	.065932	.626505
.307567	.065924	.626509
.307577	.065905	.626518
.307580	.065899	.626521
.307581	.065897	.626522
.307585	.065889	.626526
.307588	.065883	.626529
.307590	.065878	.626532
.307590	.065878	.626532
.307594	.065870	.626536
.307600	.065859	.626541
.307604	.065851	.626545
.307604	.065851	.626545
.307607	.065846	.626548
.307613	.065832	.626554
.307615	.065830	.626556
.307619	.065822	.626560
.307620	.065819	.626561
.307620	.065819	.626561
.307621	.065816	.626562
.307621	.065816	.626562
.307624	.065811	.626565
.307629	.065800	.626570
.307629	.065800	.626570
.307631	.065798	.626572
.307631	.065798	.626572
.307631	.065798	.626572
.307635	.065790	.626576
.307636	.065787	.626577
.307639	.065782	.626580
.307641	.065776	.626582
.307643	.065774	.626584
.307647	.065766	.626588
.307651	.065758	.626592
.307659	.065742	.626599
